location
0.2
0.2224
0.2546208
0.266663834
0.298530523
0.320222279
0.321740501
0.343086577
0.364261884
0.405267789
0.426105647
0.446776801
0.447282587
0.467624326
0.497803332
0.517820905
0.547678338
0.547376911
0.586917896
0.596302553
0.625532132
0.644607875
0.653531012
0.662302764
0.700924342
0.709396947
0.737721772
0.735899997
0.763932797
0.781821335
0.799566764
0.82717023
0.834632868
0.841955805
0.859140159
0.896187038
0.913097541
0.909872761
0.936513779
0.963021669
0.959397495
0.995642315
1.001757177
1.01774312
1.033601175
1.049332365
1.074937706
1.090418205
1.105774859
1.11100866
1.116120591
1.141111626
1.155982733
1.170734871
1.185368992
1.20988604
1.224286952
1.228572656
1.232744075
1.266802123
1.270747706
1.284581724
1.29830507
1.30191863
1.335423281
1.338819894
1.342109335
1.35529246
1.368370121
1.40134316
1.404212415
1.416978715
1.439642885
1.432205742
1.454668096
1.457030752
1.479294506
1.50146015
1.493528468
1.525500241
1.537376239
1.549157229
1.550843971
1.552437219
1.563937721
1.57534622
1.59666345
1.617890142
1.609027021
1.640074805
1.631034207
1.651905933
1.652690685
1.68338916
1.674002047
1.70453003
1.69497379
1.715334
1.725611328
1.735806437
1.755919986
1.755952626
1.755905005
1.765777765
1.775571543
1.78528697
1.814924675
1.804485277
1.813969395
1.84337764
1.852710619
1.851968934
1.871153182
1.860263957
1.889301845
1.88826743
1.897161291
1.915984001
1.904736129
1.92341824
1.932030894
1.930574646
1.949050049
1.967457649
1.955797988
1.964071604
1.982279031
1.990420799
2.008497432
2.016509453
2.004457377
2.032341718
2.020162984
2.037921681
2.055618307
2.053253361
2.050827334
2.068340715
2.075793989
2.093187638
2.080522136
2.087797959
2.095015576
2.112175451
2.119278047
2.126323823
2.123313232
2.150246727
2.157124753
2.143947755
2.150716173
2.177430443
2.164091
2.180698272
2.187252686
2.203754664
2.210204627
2.20660299
2.212950166
2.229246565
2.225492592
2.221688651
2.247835142
2.243932461
2.259981001
2.255981153
2.271933304
2.267837838
2.283695135
2.289505574
2.285269529
2.280987373
2.306659474
2.312286198
2.317867909
2.313404965
2.318897726
2.314346544
2.329751772
2.325113757
2.340432847
2.335709385
2.350943709
2.36613616
2.35128707
2.376396774
2.3614656
2.386493875
2.371481924
2.376430069
2.381338628
2.406207919
2.401038256
2.41582995
2.42058331
2.405298643
2.429976254
2.414616444
2.439219513
2.433785757
2.438315471
2.452808947
2.447266475
2.441688343
2.466074837
2.450426238
2.464742828
2.469024885
2.473272686
2.487486505
2.481666613
2.49581328
2.479926774
2.48400736
2.508055301
2.512070858
2.516054291
2.510005857
2.50392581
2.527814404
2.521671888
2.525498513
2.519294525
2.523060169
2.536795688
2.540501322
2.554177312
2.547823893
2.551441302
2.555029772
2.558589533
2.572120817
2.565623851
2.56909886
2.572546069
2.5659657
2.569357975
2.572723111
2.586061326
2.599372835
2.592657853
2.59591659
2.589149257
2.612356063
2.615537215
2.618692917
2.611823374
2.624928787
2.628009356
2.631065281
2.614096759
2.627103985
2.630087153
2.643046456
2.625982084
2.638894228
2.641783074
2.654648809
2.657491619
2.660311686
2.643109192
2.645884319
2.668637244
2.651368146
2.654077201
2.666764584
2.669430467
2.682075023
2.684698423
2.677300836
2.689882429
2.69244337
2.694983823
2.687503952
2.70000392
2.682483889
2.684944018
2.687384466
2.68980539
2.692206947
2.714589291
2.706952577
2.719296956
2.721622581
2.7139296
2.716218163
2.728488418
2.720740511
2.712974587
2.73519079
2.727389264
2.719570149
2.741733588
2.74387972
2.726008682
2.728120612
2.740215647
2.732293922
2.754355571
2.746400726
2.75842952
2.750442084
2.762438548
2.764419039
2.756383687
2.748332617
2.760265957
2.752183829
2.774086358
2.765973667
2.767845878
2.769703111
2.781545486
2.783373122
2.765186137
2.776984648
2.788768771
2.780538621
2.772294312
2.784035957
2.79576367
2.79747756
2.78917774
2.780864318
2.792537403
2.794197104
2.795843527
2.797476779
2.799096965
2.810704189
2.792298556
2.793880167
2.815449126
2.797005533
2.798549489
2.810081093
2.811600444
2.80310764
2.824602779
2.826085957
2.817557269
2.829016811
2.830464677
2.831900959
2.813325752
2.814739146
2.826141232
2.827532103
2.838911846
2.820280551
2.821638307
2.8329852
2.844321319
2.825646748
2.836961574
2.838265881
2.839559754
2.830843276
2.83211653
2.853379598
2.844632561
2.855875501
2.857108497
2.848331629
2.839544976
2.840748616
2.841942627
2.843127086
2.854302069
2.845467653
2.846623911
2.84777092
2.858908753
2.850037483
2.861157183
2.862267925
2.853369782
2.864462824
2.875547121
2.856622744
2.857689762
2.878748244
2.859798258
2.860839872
2.871873153
2.872898168
2.883914983
2.884923663
2.865924273
2.876916879
2.887901544
2.888878332
2.889847305
2.890808527
2.891762059
2.892707962
2.873646298
2.874577128
2.885500511
2.886416507
2.897325175
2.888226573
2.899120761
2.890007795
2.900887732
2.901760631
2.892626545
2.893485533
2.904337649
2.885182948
2.906021484
2.886853312
2.897678486
2.898497058
2.889309081
2.900114609
2.910913692
2.901706382
2.912492731
2.913272789
2.894046607
2.904814234
2.91557572
2.906331115
2.917080466
2.897823822
2.898561231
2.899292742
2.9200184
2.900738252
2.921452346
2.902160728
2.922863442
2.913560534
2.92425205
2.904938034
2.905618529
2.906293581
2.926963232
2.917627527
2.928286506
2.928940214
2.929588693
2.930231983
2.930870127
2.911503166
2.932131141
2.932754092
2.923372059
2.913985082
2.924593202
2.925196456
2.915794885
2.926388525
2.916977417
2.937561598
2.918141105
2.938715976
2.919286249
2.929851959
2.920413143
2.920969838
2.941522079
2.942069902
2.932613343
2.943152436
2.943687217
2.934217719
2.924743977
2.925266026
2.945783897
2.946297626
2.946807245
2.927312787
2.937814285
2.928311771
2.948805277
2.949294834
2.949780476
2.950262232
2.950740134
2.951214213
2.941684499
2.932151023
2.932613815
2.933072904
2.933528321
2.943980095
2.954428254
2.934872828
2.945313845
2.945751335
2.946185324
2.946615841
2.957042915
2.947466571
2.947886839
2.958303744
2.958717314
2.939127575
2.949534555
2.949938278
2.940338772
2.940736062
2.951130174
2.941521132
2.961908963
2.952293691
2.952675342
2.943053939
2.943429508
2.953802072
2.954171655
2.954538282
2.944901975
2.96526276
2.945620658
2.945975692
2.966327887
2.946677264
2.947023846
2.947367655
2.957708714
2.948047044
2.968382668
2.948715606
2.949045881
2.959373514
2.969698526
2.970020938
2.95034077
2.960658044
2.97097278
2.961284998
2.961594718
2.95190196
2.962206744
2.97250909
2.962809018
2.953106545
2.953401693
2.97369448
2.963984924
2.964273044
2.95455886
2.954842389
2.97512365
2.955402661
2.95567944
2.975954004
2.966226372
2.956496561
2.956764588
2.957030472
2.967294228
2.957555874
2.957815427
2.958072904
2.978328321
2.968581694
2.97883304
2.959082376
2.969329717
2.959575079
2.979818479
2.960059931
2.960299451
2.960537056
2.980772759
2.981006577
2.961238525
2.981468616
2.961696868
2.961923293
2.962147906
2.972370723
2.972591757
2.982811023
2.963028535
2.983244307
2.983458352
2.963670685
2.96388132
2.964090269
2.984297547
2.974503167
2.974707142
2.984909484
2.975110209
2.965309327
2.965506852
2.975702797
2.965897175
2.966089998
2.986281278
2.986471027
2.966659259
2.966845985
2.967031217
2.977214968
2.987397248
2.98757807
2.967757445
2.977935386
2.978111903
2.978287007
2.968460711
2.988633026
2.988803961
2.97897353
2.979141742
2.989308608
2.979474139
2.989638346
2.989801239
2.979962829
2.970123126
2.980282141
2.990439884
2.970596365
2.990751594
2.980905581
2.991058337
2.98120987
2.971360191
2.99150931
2.971657235
2.981803977
2.991949545
2.992093949
2.982237197
2.9723793
2.982520265
2.992660103
2.972798823
2.992936432
2.98307294
2.983208357
2.99334269
2.983475949
2.993608141
2.993739276
2.973869362
2.983998407
2.99412642
2.994253408
2.974379381
2.994504346
2.994628311
2.974751285
2.974873274
2.994994288
2.975114334
2.995233419
2.975351552
2.975468739
2.995584989
2.97570031
2.985814707
2.975928189
2.986040764
2.976152438
2.976263218
2.976373113
2.976482128
2.976590271
2.996697548
2.996803968
2.996909536
2.99701426
2.997118146
2.987221201
2.987323431
2.987424844
2.997525445
2.987625241
2.977724239
2.987822446
2.987919866
2.988016507
2.978112375
2.978207476
2.998301816
2.988395402
2.988488238
2.978580333
2.98867169
2.988762316
2.998852218
2.9889414
2.979029869
2.99911763
2.989204689
2.979291051
2.989376723
2.999461709
2.999546016
2.979629647
2.99971261
2.989794909
2.97987655
2.989957538
2.980037877
2.990117574
2.980196634
2.990275061
2.98035286
3.000430037
2.990506597
2.990582544
2.980657884
2.990732621
3.00080676
2.980880306
2.980953263
2.981025637
3.001097432
2.981168653
3.001239303
3.001309389
2.981378914
2.981447883
2.9915163
3.001584169
2.991651496
2.981718284
3.001784538
3.001850261
3.001915459
2.981980135
3.002044294
2.99210794
3.002171077
3.002233708
2.992295838
3.002357472
2.992418612
3.002479263
2.992539429
2.982599113
2.99265832
2.992717054
3.002775317
2.982833115
2.99289045
2.992947326
3.003003748
2.983059718
2.99311524
2.983170318
2.993224956
2.983279156
2.993332923
3.003386259
2.983439169
3.003491656
2.983543723
2.983595373
2.98364661
3.003697437
2.993747857
2.983797875
2.983847492
2.983896712
3.003945538
2.993993974
2.994042022
2.984089686
2.984136968
2.984183873
2.994230402
2.994276558
2.984322346
2.994367767
2.994412825
2.984457522
2.994501862
2.984545847
2.98458948
2.994632765
2.984675703
2.994718297
3.004760551
2.994802466
2.984844046
2.994885294
3.004926212
2.994966802
2.995007068
3.005047011
3.005086635
3.005125942
2.985164934
2.985203615
2.985241986
2.99528005
3.00531781
3.005355267
3.005392425
2.985429286
2.985465851
2.985502125
2.995538108
3.005573803
3.005609212
2.995644339
3.005679184
2.98571375
2.98574804
2.985782056
2.9858158
2.995849273
3.005882479
2.995915419
3.005948096
3.005980511
3.006012667
2.986044566
3.006076209
2.996107599
2.986138739
3.006169629
2.996200272
2.98623067
2.996260824
2.986290738
2.996320412
2.996349848
2.99637905
2.986408017
2.996436753
2.986465259
3.006493537
2.986521589
3.006549416
2.996577021
3.006604404
2.986631569
2.996658517
3.006685249
2.996711767
2.986738072
2.996764168
3.006790055
2.996815734
2.996841208
2.996866479
2.996891547
2.986916414
2.996941083
2.986965554
2.99698983
2.997013911
2.9870378
3.007061498
2.987085006
2.997108326
3.007131459
3.007154407
2.997177172
2.997199755
3.007222157
3.007244379
3.007266424
2.997288293
3.007309987
2.997331507
3.007352855
3.007374032
2.99739504
3.007415879
2.987436552
3.00745706
2.987477403
2.987497584
2.997517603
3.007537463
3.007557163
3.007576706
3.007596092
2.997615323
2.987634401
3.007653325
2.997672099
2.997690722
3.007709196
2.997727523
2.997745702
2.987763737
3.007781627
2.987799374
2.987816979
2.987834443
2.997851768
3.007868953
3.007886002
2.987902914
2.99791969
2.997936333
3.007952842
2.98796922
2.997985466
3.008001582
3.008017569
2.998033429
2.988049161
2.988064768
2.99808025
2.998095608
2.988110843
2.998125956
2.998140949
2.988155821
2.988170575
3.00818521
2.998199728
2.99821413
2.998228417
2.98824259
3.008256649
3.008270596
2.998284431
3.008298156
3.008311771
2.998325277
3.008338674
2.988351965
2.988365149
2.998378228
2.998391202
2.998404073
3.00841684
2.988429505
2.998442069
3.008454533
3.008466896
2.998479161
2.998491328
2.998503397
2.99851537
3.008527247
3.019539029
3.040382717
3.051059655
3.081571178
3.091918609
3.11210326
3.142126434
3.161989422
3.171693507
3.191239959
3.220630039
3.239864999
3.258946079
3.26787451
3.306651514
3.305278302
3.343756076
3.362086027
3.380269339
3.378307184
3.406200727
3.413951121
3.451559512
3.459027036
3.486354819
3.493543981
3.500595629
3.517510864
3.544290777
3.570936451
3.587448959
3.583829368
3.600078733
3.616198103
3.642188518
3.64805101
3.673786602
3.689396309
3.694881138
3.710242089
3.725480153
3.760596311
3.775591541
3.770466809
3.805223074
3.819861289
3.834382399
3.83878734
3.843077041
3.867252425
3.891314406
3.90526389
3.899101779
3.922828965
3.946446333
3.939954763
3.973355124
3.986648283
3.999835097
4.012916416
4.005893085
4.02876594
4.041535813
4.054203526
4.066769898
4.089235739
4.101601853
4.093869038
4.106038086
4.118109781
4.130084903
4.141964224
4.15374851
4.165438522
4.197035014
4.188538734
4.219950424
4.22127082
4.242500654
4.243640649
4.244691523
4.255653991
4.266528759
4.287316529
4.308017997
4.298633853
4.309164782
4.319611464
4.339974572
4.340254776
4.360452737
4.370569115
4.390604563
4.380559726
4.410435248
4.420231766
4.419949912
4.419590313
4.42915359
4.448640362
4.458051239
4.457386829
4.476647734
4.495834552
4.494947876
4.503988293
4.502956387
4.511852735
4.540677914
4.53943249
4.53811703
4.556732094
4.555278237
4.583756011
4.592165963
4.600508636
4.588784567
4.60699429
4.625138336
4.613217229
4.621231491
4.649181639
4.657068186
4.654891641
4.672652508
4.680351287
4.677988477
4.685564569
4.693080053
4.710535412
4.697931129
4.72526768
4.712545539
4.739765174
4.746927053
4.754031636
4.761079383
4.768070748
4.765006182
4.761886133
4.788711044
4.795481355
4.802197505
4.808859925
4.815469045
4.802025293
4.82852909
4.824980858
4.841381011
4.837729963
4.844028123
4.860275898
4.856473691
4.852621901
4.868720926
4.864771159
4.89077299
4.896726806
4.902632991
4.898491927
4.894303992
4.90006956
4.905789003
4.931462691
4.92709099
4.922674262
4.938212868
4.943707165
4.959157508
4.964564248
4.969927734
4.965248312
4.980526325
4.975762115
4.980956018
4.98610837
4.991219503
5.006289747
5.001319429
5.006308873
5.021258402
5.026168335
5.021038988
5.025870676
5.040663711
5.035418401
5.040135054
5.054813974
5.049455462
5.054059818
5.04862734
5.053158321
5.067653054
5.08211183
5.086534935
5.070922656
5.095275274
5.099593072
5.093876328
5.108125317
5.102340315
5.116521592
5.110669419
5.104784064
5.118865791
5.132914865
5.136931546
5.130916094
5.144868765
5.128789815
5.142679496
5.14653806
5.160365756
5.16416283
5.167929527
5.161666091
5.175372762
5.17904978
5.172697382
5.176315803
5.169905277
5.173466034
5.186998306
5.19050232
5.183978301
5.187426475
5.200847063
5.194240286
5.207606364
5.200945513
5.204257949
5.207543885
5.220803534
5.214037106
5.217244809
5.230426851
5.223583436
5.236714768
5.24982105
5.252902482
5.245959262
5.238991588
5.251999655
5.244983658
5.247943789
5.270880238
5.273793197
5.276682851
5.259549388
5.272392993
5.285213849
5.278012138
5.280788041
5.273541737
5.286273403
5.278983216
5.30167135
5.304337979
5.306983275
5.309607409
5.31221055
5.314792866
5.297354523
5.299895686
5.302416521
5.324917189
5.307397851
5.319858668
5.322299799
5.334721401
5.317123629
5.31950664
5.341870587
5.344215623
5.336541898
5.348849562
5.351138766
5.333409656
5.335662379
5.33789708
5.350113903
5.352312992
5.354494488
5.346658532
5.358805264
5.360934821
5.373047343
5.375142964
5.37722182
5.359284046
5.381329774
5.383359135
5.385372262
5.377369284
5.36935033
5.391315527
5.373265003
5.375198883
5.387117292
5.389020354
5.380908191
5.392780925
5.404638678
5.396481568
5.398309716
5.400123238
5.401922252
5.403706874
5.405477219
5.407233401
5.418975534
5.42070373
5.4124181
5.424118755
5.425805805
5.427479359
5.429139524
5.410786408
5.422420117
5.424040756
5.42564843
5.417243242
5.418825296
5.430394694
5.441951536
5.443495924
5.445027957
5.436547733
5.448055351
5.429550908
5.451034501
5.452506225
5.453966175
5.455414446
5.45685113
5.458276321
5.449690111
5.45109259
5.462483849
5.463863978
5.455233066
5.466591202
5.457938472
5.469274964
5.460600765
5.451915959
5.473220631
5.454514866
5.455798747
5.477072357
5.478335778
5.479589092
5.460832379
5.48206572
5.473289194
5.484502881
5.465706858
5.476901203
5.478085993
5.479261305
5.480427215
5.471583797
5.492731127
5.483869278
5.484998324
5.496118337
5.47722939
5.488331555
5.479424903
5.480509504
5.501585427
5.492652744
5.503711522
5.50476183
5.495803735
5.496837305
5.487862607
5.508879706
5.509888668
5.500889559
5.511882443
5.502867383
5.513844444
5.494813688
5.515775179
5.506728978
5.497675146
5.498613745
5.499544835
5.500468476
5.521384728
5.51229365
5.523195301
5.514089739
5.514977021
5.515857205
5.506730347
5.517596504
5.528455732
5.509308086
5.510153622
5.530992393
5.511824454
5.522649858
5.523468659
5.53428091
5.515086662
5.515885969
5.526678881
5.53746545
5.528245727
5.519019761
5.519787603
5.540549302
5.541304908
5.542054468
5.532798033
5.533535648
5.534267363
5.544993224
5.535713278
5.526427572
5.547136152
5.547839062
5.53853635
5.529228059
5.529914235
5.540594921
5.551270161
5.55194
5.54260448
5.553263644
5.543917535
5.554566195
5.555209665
5.535847988
5.546481204
5.537109354
5.55773248
5.55835062
5.538963815
5.559572104
5.540175527
5.560774123
5.56136793
5.551956987
5.552541331
5.553121
5.553696032
5.564266464
5.554832332
5.555393674
5.565950524
5.54650292
5.557050897
5.54759449
5.548133734
5.548668664
5.569199314
5.56972572
5.560247914
5.560765931
5.561279803
5.571789565
5.572295248
5.552796886
5.553294511
5.553788155
5.57427785
5.574763627
5.575245518
5.555723554
5.566197766
5.556668184
5.557134838
5.567597759
5.568056977
5.578512521
5.558964421
5.559412706
5.569857404
5.580298545
5.560736157
5.581170267
5.561600905
5.562028098
5.572451873
5.572872258
5.57328928
5.573702966
5.584113342
5.584520435
5.564924272
5.565324878
5.575722279
5.586116501
5.576507569
5.576895508
5.587280344
5.567662101
5.568040804
5.568416478
5.578789146
5.579158833
5.569525562
5.579889358
5.570250243
5.570608241
5.580963375
5.581315668
5.591665143
5.592011822
5.582355727
5.572696881
5.583035306
5.573371024
5.573704056
5.594034423
5.574362148
5.58468725
5.575009752
5.585329674
5.595647037
5.575961861
5.586274166
5.586583973
5.596891301
5.57719617
5.577498601
5.577798612
5.588096223
5.588391454
5.578684322
5.598974847
5.599263049
5.599548944
5.599832553
5.590113892
5.590392981
5.600669837
5.580944478
5.591216923
5.601487187
5.59175529
5.602021247
5.592285077
5.582546797
5.582806422
5.593063971
5.603319459
5.603572904
5.59382432
5.584073726
5.584321136
5.604566567
5.604810034
5.595051554
5.585291142
5.585528813
5.595764582
5.585998465
5.586230478
5.596460634
5.596688949
5.596915437
5.607140114
5.587362993
5.607584089
5.587803416
5.588020989
5.598236821
5.598450926
5.588663319
5.608874012
5.59908302
5.599290356
5.589496033
5.599700065
5.599902465
5.590103245
5.610302419
5.600499999
5.610695999
5.600890431
5.601083308
5.601274642
5.601464444
5.591652729
5.591839507
5.612024791
5.592208593
5.602390924
5.592571797
5.602751222
5.612929212
5.593105779
5.613280932
5.613454685
5.613627048
5.603798031
5.603967647
5.614135906
5.614302818
5.604468396
5.604632649
5.594795588
5.594957223
5.605117565
5.595276625
5.605434412
5.605590936
5.605746209
5.605900239
5.596053037
5.616204613
5.606354976
5.606504136
5.616652103
5.616798886
5.596944495
5.597088939
5.607232228
5.59737437
5.617515375
5.597655252
5.59779401
5.607931658
5.618068205
5.618203659
5.60833803
5.598471325
5.598603555
5.608734726
5.598864849
5.60899393
5.619121978
5.619249003
5.619375011
5.60950001
5.61962401
5.619747018
5.599869042
5.60999009
5.600110169
5.620229288
5.610347453
5.610464674
5.600580956
5.620696309
5.620810738
5.600924252
5.611036858
5.611148563
5.621259375
5.6113693
5.621478346
5.611586519
5.601693827
5.611800276
5.611905874
5.622010627
5.622114542
5.622217625
5.622319884
5.612421325
5.602521955
5.602621779
5.612720805
5.602819038
5.602916486
5.613013154
5.613109049
5.613204177
5.613298543
5.613392155
5.613485018
5.623577138
5.60366852
5.613759172
5.603849099
5.623938306
5.6140268
5.604114585
5.604201669
5.624288055
5.624373751
5.624458761
5.614543091
5.614626746
5.624709732
5.604792054
5.614873718
5.614954728
5.62503509
5.625114809
5.615193891
5.62527234
5.615350161
5.61542736
5.615503941
5.605579909
5.62565527
5.625730028
5.605804188
5.625877754
5.615950732
5.606023126
5.606094941
5.626166182
5.606236852
5.606306958
5.606376502
5.62644549
5.626513926
5.616581815
5.62664916
5.626715967
5.616782239
5.616847981
5.606913197
5.606977892
5.607042069
5.607105732
5.627168886
5.607231535
5.627293683
5.607355333
5.627416491
5.627477159
5.617537341
5.617597043
5.627656266
5.617715016
5.617773296
5.60783111
5.607888461
5.607945353
5.62800179
5.618057776
5.608113314
5.628168407
5.62822306
5.628277276
5.618331057
5.618384409
5.618437334
5.628489835
5.608541916
5.628593581
5.618644832
5.628695674
5.608746108
5.608796139
5.60884577
5.628895004
5.618943844
5.608992293
5.609040355
5.629088032
5.609135328
5.629182245
5.629228787
5.619274957
5.629320757
5.629366191
5.629411262
5.619455972
5.609500324
5.619544321
5.629587967
5.629631263
5.609674213
5.609716819
5.629759085
5.609801012
5.629842604
5.619883863
5.619924792
5.609965394
5.610005671
5.610045625
5.61008526
5.610124578
5.620163582
5.630202273
5.630240655
5.610278729
5.6203165
5.610353968
5.610391136
5.610428007
5.610464583
5.620500866
5.620536859
5.620572564
5.610607984
5.62064312
5.630677975
5.630712551
5.620746851
5.620780876
5.630814629
5.610848112
5.610881327
5.630914276
5.630946962
5.620979386
5.621011551
5.611043459
5.631075111
5.63110651
5.621137658
5.611168557
5.621199209
5.631229615
5.631259778
5.6112897
5.621319382
5.621348827
5.611378037
5.611407012
5.621435756
5.61146427
5.611492556
5.631520615
5.621548451
5.621576063
5.621603454
5.621630627
5.611657582
5.621684321
5.631710847
5.61173716
5.611763263
5.611789156
5.611814843
5.621840324
5.631865602
5.621890677
5.611915552
5.621940227
5.611964705
5.621988988
5.612013076
5.632036971
5.632060675
5.61208419
5.632107517
5.612130656
5.612153611
5.632176382
5.632198971
5.612221379
5.612243608
5.63226566
5.622287534
5.612309234
5.63233076
5.612352114
5.622373297
5.622394311
5.612415156
5.622435835
5.612456348
5.612476698
5.632496884
5.622516909
5.612536774
5.632556479
5.622576028
5.632595419
5.612614656
5.632633739
5.622652669
5.622671447
5.612690076
5.632708555
5.632726887
5.622745072
5.632763111
5.632781006
5.622798758
5.622816368
5.622833837
5.632851167
5.612868357
5.61288541
5.622902327
5.632919108
5.612935756
5.62295227
5.622968651
5.612984902
5.613001023
5.633017015
5.613032879
5.623048616
5.613064227
5.633079713
5.623095075
5.613110315
5.613125432
5.633140429
5.623155305
5.633170063
5.623184702
5.623199225
5.613213631
5.623227922
5.633242098
5.633256162
5.623270112
5.648283951
5.65317768
5.677952258
5.69260864
5.687147771
5.711570589
5.715878024
5.740071
5.744150432
5.778117229
5.791972291
5.795716512
5.79935078
5.832875974
5.846292966
5.849602623
5.852805802
5.865903355
5.898896128
5.901784959
5.92457068
5.927254114
5.939836081
5.962317393
5.954698854
5.976981263
5.979165413
6.011252089
6.023242073
6.025136136
6.046935047
6.038639567
6.07025045
6.071768446
6.093194299
6.094528744
6.105772515
6.116926334
6.117990924
6.128966996
6.14985526
6.160656418
6.171371167
6.172000198
6.202544196
6.193003842
6.213379812
6.233672773
6.223883391
6.234012324
6.254060225
6.264027744
6.283915522
6.273724197
6.293454404
6.293106769
6.302681914
6.312180459
6.331603015
6.340950191
6.35022259
6.369420809
6.368545443
6.387597079
6.376576302
6.385483692
6.394319822
6.413085264
6.421780582
6.430406337
6.428963086
6.447451382
6.445871771
6.474224797
6.462510998
6.48073091
6.488885063
6.486973982
6.504998191
6.502958205
6.530854539
6.518687703
6.526458201
6.544166536
6.541813204
6.559398698
6.576923508
6.57438812
6.571793015
6.589138671
6.606425562
6.613654157
6.620824924
6.607938325
6.624994818
6.621994859
6.638938901
6.655827389
6.64266077
6.649439484
6.656163968
6.672834657
6.679451979
6.696016363
6.682528233
6.698988007
6.715396103
6.701752934
6.71805891
6.734314439
6.730519924
6.736675764
6.742782358
6.748840099
6.764849378
6.770810583
6.776724099
6.782590306
6.768409583
6.784182307
6.779908848
6.795589578
6.791224861
6.796815062
6.802360542
6.827861657
6.813318764
6.828732214
6.834102356
6.849429537
6.844714101
6.859956388
6.845156737
6.850315483
6.855432959
6.870509496
6.86554542
6.890541056
6.885496728
6.900412754
6.895289452
6.890127136
6.904926119
6.91968671
6.924409217
6.929093943
6.913741191
6.928351262
6.922924452
6.937461056
6.941961368
6.946425677
6.940854271
6.945247437
6.959605458
6.963928614
6.978217185
6.972471448
6.966691676
6.970878143
6.985031117
6.979150869
6.983237662
6.99729176
7.011313426
7.015302919
6.999260495
7.023186411
7.01708092
7.030944273
7.014776719
7.028578505
7.042349877
7.036091078
7.039802349
7.04348393
7.047136059
7.040758971
7.044352899
7.067918076
7.061454731
7.054963093
7.058443388
7.071895841
7.065320675
7.088718109
7.082088364
7.075431657
7.078748204
7.102038218
7.085301913
7.098539497
7.111751181
7.094937172
7.098097675
7.111232893
7.12434303
7.127428286
7.13048886
7.123524949
7.126536749
7.129524455
7.142488259
7.145428353
7.148344927
7.151238167
7.154108262
7.146955396
7.149779753
7.162581514
7.155360862
7.168117975
7.160853032
7.173566207
7.166257678
7.178927616
7.161576195
7.164203586
7.166809957
7.169395478
7.191960314
7.194504631
7.177028594
7.199532365
7.192016106
7.204479978
7.186924138
7.189348745
7.191753955
7.204139923
7.206506804
7.208854749
7.201183911
7.22349444
7.205786484
7.208060193
7.230315711
7.232553185
7.21477276
7.226974578
7.219158781
7.241325511
7.223474907
7.225607108
7.247722251
7.229820473
7.231901909
7.233966694
7.25601496
7.25804684
7.240062466
7.262061966
7.25404547
7.256013106
7.257965002
7.269901282
7.271822071
7.253727495
7.255617675
7.257492733
7.259352792
7.261197969
7.273028385
7.264844158
7.286645405
7.288432242
7.290204784
7.291963146
7.293707441
7.275437781
7.297154279
7.278857045
7.280546188
7.292221819
7.283884044
7.305532972
7.307168708
7.308791358
7.300401027
7.311997819
7.293581837
7.295153182
7.306711957
7.308258261
7.299792195
7.311313857
7.312823346
7.31432076
7.305806194
7.307279744
7.328741506
7.320191574
7.321630041
7.333057001
7.324472545
7.325876765
7.317269751
7.328651593
7.33002238
7.321382201
7.342731143
7.334069294
7.33539674
7.346713566
7.338019857
7.329315698
7.330601173
7.341876363
7.333141353
7.344396222
7.345641052
7.346875923
7.348100916
7.339316109
7.36052158
7.341717407
7.342903668
7.364080439
7.365247795
7.346405813
7.347554566
7.35869413
7.369824577
7.37094598
7.362058412
7.373161945
7.374256649
7.365342596
7.366419855
7.367488497
7.378548589
7.3696002
7.370643398
7.381678251
7.372704825
7.383723187
7.384733401
7.375735534
7.38672965
7.377715812
7.368694086
7.369664533
7.380627217
7.371582199
7.382529542
7.383469305
7.374401551
7.385326338
7.376243728
7.377153778
7.398056548
7.398952095
7.399840479
7.400721755
7.381595981
7.382463213
7.393323507
7.404176919
7.395023504
7.395863316
7.406696409
7.387522838
7.408342655
7.389155914
7.409962667
7.400762965
7.401556862
7.402344407
7.393125651
7.403900646
7.414669441
7.405432085
7.406188629
7.40693912
7.407683607
7.408422138
7.419154761
7.419881523
7.420602471
7.421317651
7.42202711
7.412730893
7.413429046
7.414121613
7.40480864
7.405490171
7.42616625
7.42683692
7.417502224
7.428162207
7.408816909
7.429466374
7.430110643
7.410749758
7.42138376
7.412012689
7.432636588
7.423255495
7.433869451
7.414478496
7.415082668
7.415682006
7.43627655
7.426866338
7.427451407
7.418031796
7.438607542
7.439178681
7.429745252
7.42030729
7.430864831
7.431417913
7.44196657
7.442510837
7.44305075
7.433586344
7.424117654
7.424644712
7.435167555
7.435686214
7.426200724
7.446711119
7.44721743
7.44771969
7.438217933
7.428712189
7.449202492
7.439688872
7.440171361
7.44064999
7.44112479
7.441595792
7.442063025
7.452526521
7.452986309
7.433442419
7.443894879
7.45434372
7.43478897
7.435230659
7.445668813
7.446103463
7.446534635
7.436962358
7.447386659
7.457807566
7.458225105
7.438639305
7.43905019
7.449457789
7.449862126
7.450263229
7.440661123
7.451055834
7.451447388
7.461835809
7.442221122
7.452603353
7.462982526
7.453358666
7.463731797
7.444101943
7.454469127
7.444833374
7.465194707
7.455553149
7.445908724
7.466261454
7.446611363
7.456958472
7.447302804
7.447644382
7.467983227
7.458319361
7.458652806
7.468983583
7.449311715
7.459637221
7.449960123
7.460280442
7.470598199
7.470913413
7.471226106
7.461536297
7.471844007
7.472149255
7.46245206
7.472752444
7.453050424
7.463346021
7.473639253
7.453930139
7.464218698
7.474504948
7.474788909
7.475070597
7.465350033
7.455627232
7.475902214
7.456174997
7.456445597
7.476714032
7.46698032
7.457244477
7.477506521
7.457766469
7.458024337
7.478280143
7.468533902
7.47878563
7.479035345
7.459283063
7.479528798
7.479772568
7.480014387
7.480254272
7.480492238
7.4807283
7.470962474
7.461194774
7.471425216
7.461653814
7.471880583
7.462105539
7.462328694
7.462550065
7.462769664
7.462987507
7.483203607
7.473417978
7.473630634
7.483841589
7.464050856
7.48425845
7.474464382
7.484668667
7.474871318
7.465072347
7.485271768
7.475469594
7.485665837
7.475860511
7.466053627
7.476245198
7.486435236
7.476623754
7.486810764
7.466996278
7.477180308
7.487362865
7.487543962
7.477723611
7.467901822
7.488078607
7.488253978
7.478427947
7.468600523
7.488771719
7.488941545
7.489110013
7.489277133
7.489442916
7.489607372
7.489770513
7.469932349
7.47009289
7.490252147
7.47041013
7.480566849
7.480722314
7.480876536
7.491029523
7.491181287
7.491331837
7.491481182
7.471629333
7.491776298
7.471922088
7.492066711
7.482210177
7.472352496
7.472493676
7.492633727
7.472772657
7.492910475
7.493047192
7.483182814
7.483317352
7.483450813
7.473583206
7.473714541
7.493844824
7.493974066
7.474102273
7.494229455
7.474355619
7.484480774
7.474604928
7.484728089
7.494850264
7.484971462
7.47509169
7.485210957
7.485329269
7.495446635
7.485563062
7.485678557
7.485793129
7.485906784
7.48601953
7.486131373
7.496242322
7.486352384
7.476461565
7.486569872
7.496677313
7.486783895
7.476889624
7.476994507
7.477098551
7.477201762
7.497304148
7.477405715
7.477506469
7.477606417
7.497705566
7.487803922
7.48790149
7.477998278
7.478094292
7.478189538
7.488284021
7.478377749
7.478470727
7.498562961
7.488654458
7.498745222
7.47883526
7.478924578
7.479013182
7.489101076
7.499188267
7.479274761
7.479360563
7.489445679
7.489530113
7.489613872
7.499696961
7.479779386
7.499861151
7.499942261
7.500022723
7.490102542
7.480181721
7.480260267
7.490338185
7.48041548
7.480492156
7.490568219
7.480643673
7.490718524
7.490792775
7.500866433
7.480939502
7.491011986
7.49108389
7.481155219
7.501225977
7.491296169
7.5013658
7.501434873
7.481503394
7.481571367
7.481638796
7.481705686
7.49177204
7.491837864
7.491903161
7.491967936
7.492032192
7.502095935
7.492159167
7.502221894
7.492284119
7.492345846
7.482407079
7.492467823
7.48252808
7.492587855
7.502647153
7.492705975
7.502764328
7.502822213
7.492879635
7.502936598
7.492993105
7.50304916
7.493104767
7.483159929
7.48321465
7.493268932
7.493322781
7.483376199
7.483429189
7.493481756
7.483533902
7.48358563
7.503636945
7.48368785
7.483738347
7.50378844
7.483838133
7.483887428
7.493936328
7.503984838
7.504032959
7.504080695
7.48412805
7.484175025
7.504221625
7.494267852
7.504313709
7.5043592
7.504404326
7.494449091
7.484493499
7.504537551
7.50458125
7.4846246
7.504667603
7.504710263
7.50475258
7.48479456
7.484836203
7.494877514
7.504918494
7.504959146
7.494999472
7.485039477
7.505079161
7.505118528
7.485157579
7.485196319
7.485234748
7.48527287
7.505310687
7.485348202
7.485385416
7.485422333
7.505458954
7.485495283
7.49553132
7.49556707
7.505602533
7.505637713
7.495672611
7.49570723
7.495741572
7.48577564
7.505809435
7.485842959
7.485876216
7.495909206
7.485941932
7.505974397
7.506006602
7.506038549
7.50607024
7.496101678
7.506132865
7.496163802
7.506194492
7.506224936
7.496255136
7.496285095
7.486314814
7.486344296
7.506373542
7.496402553
7.486431333
7.486459882
7.496488203
7.506516297
7.486544167
7.496571814
7.486599239
7.486626445
7.496653434
7.496680206
7.486706765
7.506733111
7.496759246
7.506785172
7.50681089
7.496836403
7.496861712
7.496886818
7.506911724
7.48693643
7.496960938
7.496985251
7.497009369
7.507033294
7.507057028
7.497080571
7.497103927
7.497127095
7.497150079
7.487172878
7.507195495
7.487217931
7.497240188
7.497262266
7.507284168
7.487305895
7.497327447
7.487348828
7.487370037
7.507391077
7.497411948
7.497432653
7.507453192
7.487473566
7.507493777
7.497513827
7.487533717
7.497553447
7.497573019
7.507592435
7.497611696
7.497630802
7.487649756
7.507668558
7.497687209
7.487705712
7.487724066
7.487742273
7.497760335
7.487778252
7.487796026
7.507813658
7.497831149
7.4878485
7.487865712
7.507882786
7.487899724
7.497916526
7.507933194
7.507949728
7.50796613
7.487982401
7.507998542
7.498014554
7.498030437
7.508046194
7.488061824
7.48807733
7.498092711
7.498107969
7.488123106
7.488138121
7.508153016
7.488167792
7.488182449
7.48819699
7.488211414
7.508225723
7.508239917
7.488253997
7.498267965
7.508281822
7.508295567
7.488309203
7.488322729
7.508336147
7.498349458
7.498362662
7.488375761
7.508388755
7.508401645
7.488414432
7.488427116
7.508439699
7.498452182
7.508464564
7.508476848
7.498489033
7.488501121
7.498513112
7.488525007
7.498536807
7.488548512
7.488560124
7.498571643
7.48858307
7.488594406
7.50860565
7.488616805
7.488627871
7.498638848
7.488649737
7.508660539
7.508671255
7.498681885
7.48869243
7.50870289
7.498713267
7.488723561
7.488733772
7.488743902
7.488753951
7.498763919
7.508773808
7.498783618
7.508793349
7.488803002
7.508812578
7.508822077
7.508831501
7.498840849
7.508850122
7.508859321
7.498868446
7.508877499
7.488886479
7.488895387
7.488904224
7.50891299
7.488921686
7.498930313
7.49893887
7.498947359
7.48895578
7.508964134
7.488972421
7.508980642
7.508988796
7.508996886
7.489004911
7.509012872
7.509020769
7.509028603
7.499036374
7.509044083
7.50905173
7.499059316
7.499066842
7.499074307
7.509081713
7.489089059
7.509096346
7.489103576
7.499110747
7.509117861
7.509124918
7.489131919
7.509138863
7.489145753
7.509152587
7.489159366
7.509166091
7.489172762
7.50917938
7.499185945
7.499192457
7.509198918
7.489205326
7.489211684
7.49921799
7.489224246
7.489230452
7.499236609
7.499242716
7.499248774
7.509254784
7.489260746
7.48926666
7.499272527
7.509278346
7.50928412
7.489289847
7.489295528
7.499301164
7.489306754
7.5093123
7.499317802
7.489323259
7.509328673
7.489334044
7.489339372
7.489344657
7.499349899
7.5093551
7.489360259
7.469365377
7.439610454
7.410093571
7.390812822
7.34176632
7.322952189
7.284368571
7.276013623
7.247885514
7.20998243
7.18230257
7.16484415
7.137605397
7.100584553
7.063779877
7.047189638
7.030812121
6.994645624
6.978688459
6.942938951
6.91739544
6.902056276
6.866919826
6.831984467
6.817248592
6.792710603
6.778368918
6.734221967
6.710268191
6.686506045
6.662933997
6.659550525
6.626354121
6.613343288
6.580516542
6.547872409
6.54540943
6.513126155
6.491021145
6.479092976
6.437340232
6.435761511
6.404355418
6.383120575
6.36205561
6.341159166
6.310429892
6.299866453
6.279467522
6.269231781
6.239157927
6.219244664
6.199490706
6.179894781
6.170455622
6.131171977
6.122042602
6.113066261
6.094241731
6.065567797
6.057043255
6.038666908
6.000437573
5.982354073
5.98441524
5.956619918
5.938966959
5.921455223
5.914083581
5.886850913
5.859756105
5.852798057
5.845975672
5.809287867
5.792733564
5.786311695
5.780021202
5.743861032
5.747830144
5.731927503
5.716152083
5.700502866
5.664978843
5.659579012
5.64430238
5.639147961
5.624114778
5.599201859
5.584408244
5.569732978
5.555175115
5.540733714
5.536407844
5.502196581
5.498099009
5.484114217
5.460241303
5.456479372
5.442827537
5.429284917
5.425850638
5.402523833
5.389303642
5.376189213
5.373179699
5.340274262
5.337472067
5.314772291
5.302174113
5.28967672
5.297279306
5.264981071
5.272781223
5.260678973
5.238673541
5.236764153
5.20495004
5.213230439
5.181604596
5.190071759
5.178631185
5.167282136
5.146023879
5.124855688
5.133776842
5.102786627
5.091884334
5.08106926
5.090340706
5.05969798
5.059140396
5.058667273
5.038277935
5.027971711
5.027747938
4.997605954
5.007545106
4.997564746
4.967664228
4.977842914
4.96810017
4.938435369
4.938847886
4.919337103
4.909902406
4.920543187
4.911258841
4.892048771
4.882912381
4.873849082
4.854858289
4.855939423
4.857091907
4.838315172
4.819608651
4.820971781
4.822404007
4.803904775
4.805473537
4.777109749
4.778812871
4.760582368
4.752417709
4.744318367
4.74628382
4.748313549
4.720407041
4.732563785
4.714783274
4.717065008
4.689408488
4.68181322
4.674278715
4.686804485
4.679390049
4.652034929
4.654738649
4.65750074
4.640320734
4.633198168
4.636132583
4.619123522
4.622170534
4.61527317
4.608430984
4.581643536
4.584910388
4.588231105
4.561605256
4.555032414
4.568512155
4.552044058
4.555627705
4.549262684
4.542948582
4.536684993
4.510471513
4.514307741
4.508193279
4.512127733
4.506110711
4.490141826
4.484220691
4.468346925
4.47252015
4.466739989
4.471006069
4.46531802
4.449675476
4.444078072
4.448525448
4.443017244
4.427553106
4.422132681
4.40675562
4.421421575
4.406130202
4.390881161
4.395674112
4.400508719
4.375384649
4.390301572
4.385259159
4.380257086
4.375295029
4.370372669
4.365489688
4.35064577
4.335840604
4.331073879
4.346345288
4.321654526
4.31700129
4.312385279
4.307806197
4.323263747
4.298757637
4.314287576
4.309853276
4.28545445
4.291090814
4.296762087
4.272467991
4.278208247
4.283982581
4.27979072
4.275632394
4.261507335
4.257415277
4.253355954
4.259329107
4.245334474
4.241371798
4.227440824
4.223541297
4.239672967
4.235835583
4.222028898
4.228252667
4.204506646
4.210790593
4.217104268
4.203447434
4.199819854
4.186221295
4.182651525
4.199110313
4.19559743
4.172112651
4.16865575
4.185226504
4.171824692
4.168450094
4.165102493
4.161781673
4.14848742
4.145219521
4.161977765
4.148761942
4.135571847
4.132407272
4.149268014
4.12615387
4.143064639
4.120000122
4.116960121
4.11394444
4.130952884
4.107985261
4.125041379
4.122121048
4.09922408
4.106350287
4.113499485
4.110671489
4.097866117
4.105083188
4.082322523
4.079583942
4.086867271
4.074172333
4.091498954
4.088846962
4.086216187
4.083606457
4.081017606
4.058449465
4.055901869
4.073374654
4.050867657
4.058380716
4.05591367
4.06346636
4.05103863
4.058630321
4.046241278
4.033871348
4.041520377
4.029188214
4.036874708
4.024579711
4.022303073
4.030044648
4.037804291
4.025581857
4.033377202
4.021190184
4.029020663
4.016868498
4.00473355
4.022615681
4.020514756
4.018430638
4.006363193
3.994312287
3.992277789
3.990259566
3.99825749
3.98627143
4.004301259
3.982346848
4.000408074
3.978484809
3.976576931
3.984684315
3.982806841
3.980944386
3.979096831
3.987264056
3.975445944
3.983642376
3.971853237
3.970078411
3.958317784
3.976571242
3.964838672
3.963119962
3.951415003
3.959723683
3.958045893
3.956381526
3.944730474
3.94309263
3.941467889
3.949856146
3.948257297
3.936671238
3.935097868
3.933537086
3.931988789
3.930452879
3.948929256
3.937417821
3.925918479
3.944431131
3.942955682
3.921492037
3.9400401
3.928599779
3.937170981
3.935753613
3.934347584
3.932952804
3.911569181
3.910196628
3.928835055
3.927484374
3.906144499
3.924815343
3.923496821
3.912188846
3.910891335
3.919604205
3.908327371
3.907060752
3.905804266
3.894557832
3.903321369
3.912094798
3.90087804
3.909671016
3.888473648
3.887285858
3.886107571
3.884938711
3.903779201
3.892628968
3.881487936
3.890356032
3.879233184
3.878119319
3.887014364
3.895918249
3.884830903
3.883752256
3.882682238
3.88162078
3.880567814
3.879523271
3.878487085
3.887459188
3.876439515
3.885427999
3.874424575
3.883429178
3.872441745
3.861462211
3.860490513
3.859526589
3.878570376
3.877621813
3.856680839
3.875747392
3.874821413
3.853902842
3.872991619
3.862087686
3.851190984
3.850301457
3.849419045
3.868543693
3.847675343
3.86681394
3.855959429
3.845111753
3.844270859
3.843436692
3.852609199
3.841788325
3.860974019
3.850166227
3.849364897
3.858569978
3.837781418
3.856999166
3.836223173
3.835453388
3.854689761
3.843932242
3.853180785
3.852435338
3.841695856
3.840962289
3.85023459
3.849512714
3.838796612
3.828086239
3.847381549
3.846682497
3.845989037
3.845301125
3.834618716
3.833941766
3.823270232
3.84260407
3.831943237
3.831287691
3.82063739
3.829992291
3.819352352
3.828717534
3.838087793
3.827463091
3.836843386
3.836228639
3.82561881
3.83501386
3.834413749
3.823818439
3.833227891
3.812642068
3.822060931
3.831484444
3.820912568
3.830345268
3.819782506
3.819224246
3.818670452
3.828121088
3.817576119
3.807035511
3.816499226
3.805967233
3.825439495
3.804915979
3.814396651
3.813881478
3.813370426
3.822863463
3.802360555
3.81186167
3.801366777
3.810875843
3.800388836
3.809905725
3.79942648
3.798951068
3.808479459
3.798011624
3.797547531
3.81708715
3.806630453
3.796177409
3.81572799
3.795282166
3.804839909
3.79440119
3.79396598
3.813534252
3.813105978
3.81268113
3.812259681
3.801841604
3.801426871
3.801015456
3.800607333
3.790202474
3.809800854
3.789402447
3.789007228
3.80861517
3.788226248
3.787840438
3.807457715
3.797078053
3.806701429
3.796327817
3.805957195
3.795589537
3.785224821
3.804863022
3.804504118
3.794148085
3.803794901
3.793444541
3.783096985
3.782752209
3.782410192
3.78207091
3.801734343
3.791400468
3.801069264
3.80074071
3.800414784
3.790091466
3.779770734
3.789452569
3.789136948
3.798823852
3.778513262
3.788205156
3.797899514
3.777596318
3.777295548
3.786997183
3.786701206
3.786407596
3.776116335
3.785827405
3.785540785
3.775256459
3.794974407
3.794694612
3.794417055
3.794141719
3.773868585
3.773597636
3.783328855
3.783062225
3.782797727
3.772535345
3.772275062
3.772016862
3.771760727
3.791506641
3.791254588
3.791004551
3.770756515
3.790510463
3.790266379
3.790024248
3.789784054
3.789545781
3.789309415
3.78907494
3.78884234
3.768611602
3.768382709
3.778155647
3.767930402
3.787706959
3.767485303
3.787265421
3.777047297
3.786830919
3.776616272
3.786403341
3.776192115
3.785982578
3.765774717
3.785568519
3.765363971
3.775161059
3.784959771
3.764760093
3.784562012
3.774365516
3.764170592
3.773977227
3.783785409
3.763595126
3.773406365
3.763219114
3.773033361
3.762849094
3.762666302
3.762484971
3.772305091
3.782126651
3.771949637
3.76177404
3.781599848
3.771427049
3.761255633
3.761085588
3.770916903
3.760749568
3.760583571
3.780418903
3.770255551
3.770093507
3.779932759
3.779773297
3.779615111
3.77945819
3.779302524
3.759148104
3.768994919
3.75884296
3.768692216
3.778542678
3.768394337
3.768247182
3.758101205
3.757956395
3.757812744
3.757670242
3.77752888
3.777388649
3.76724954
3.777111544
3.776974651
3.766838854
3.756704143
3.76657051
3.756437946
3.766306442
3.776175991
3.776046583
3.75591821
3.765790865
3.765664538
3.765539221
