location
0.36905257038003564
0.1758062629459167
0.25790281636785845
0.3074154622996508
0.21963822013742612
0.3204288362905948
0.3216514624142069
0.1676141463654579
0.4660276845663493
0.4653176405919549
0.363562749603324
0.42962197488042786
0.49781252441967516
0.4414886844808353
0.4735284241327453
0.3724967637509209
0.6031363691891888
0.5597650015287038
0.6143638883759963
0.44365009981301595
0.7906021011186476
0.6600414285456359
0.6148170176713612
0.8652099860761112
0.6963857390139354
0.5643290770853425
0.6971989864572313
0.5070684868028277
0.8688724519343255
0.7401739031479981
0.7253114114795433
0.9344172431575496
0.6695253090594161
0.8954987406326091
0.6526986786878823
0.8299711040333191
0.7926755564400267
1.0560703237213525
1.1131298667929335
0.9300802938086935
1.0434708192143536
0.977643674874765
1.0585633657327982
0.9424594003578535
0.8627672546832944
0.8690224991520258
1.1132498911757513
1.31517771028077
1.1327160220507888
1.0585481980599147
1.3073224772331942
1.1648418106637193
1.1661261315211617
1.1959926445555318
1.1721312722433153
1.1789384059411119
1.0807906053964444
1.2787350683181042
1.2232665299560106
1.386110715234401
1.2338658591552154
1.0939447361469532
1.2883440068105136
1.4718723596746681
1.2970809687068487
1.249834207897925
1.2227501427741816
1.2502907788924627
1.3383507473199838
1.2833449506541794
1.5539763265597584
1.3887151913924618
1.450507722149473
1.5760296940733758
1.6049999480416912
1.435757455298244
1.5124919275488498
1.574962808437736
1.474242921965022
1.3476989557041492
1.6028468093703112
1.6385924594820533
1.592394232429801
1.4600827533286782
1.5443349897692036
1.5162692381136862
1.5666923262672174
1.7475786612726674
1.7619849843393156
1.7070166243409661
1.6859087189778328
1.7195688319555886
1.6514664663393557
1.6758228138512934
1.6066375282623928
1.6989432849949926
1.9209684886626262
1.8022379329253826
1.6913996256573138
1.6886137717866478
1.6694709868414255
1.7933896609737576
1.795059574350258
1.621465599299906
1.8242050627241704
1.7283397429481504
1.9575967906648837
1.8201696753704184
1.9857423999660235
1.797564960711399
1.8239122323479218
1.88194976922699
1.9767480119164538
1.9168522058627404
1.7659494506272437
1.9065575001614767
1.899385764854056
1.8730771416444008
1.839925599710764
2.0981759639348643
1.8929922458638435
1.8459823822872192
2.012761332281244
1.9805199467262253
1.9482166013694082
2.0422017851050493
2.0311415725892688
2.0266397990951095
2.104917480439141
2.044873095383479
1.9427651820909528
1.9961134951580277
1.9680657504695689
2.05889388669766
1.9478198175749295
1.8700107643271422
2.0596428264598394
1.9346886600044306
1.8805961791454875
2.130520716381669
2.009416816387646
2.1374105012239077
2.041930200807536
1.9999792121794422
1.9949262956143983
2.0748311007296287
2.095974951375422
2.0679007185983806
2.129013961718658
1.9903375253787527
2.152165067497628
1.9980655688199622
2.1447053683045767
2.2504276829779575
2.2964465662244824
2.375192688686909
2.0545758623151307
2.2824755100554484
2.333578385411585
2.3273022634837965
2.1325602104893764
2.262868334111598
2.4338407092227143
2.0942050967643406
2.307614771025725
2.3672102015659084
2.2022742024341397
2.326134868328596
2.1766058842005127
2.208284715856826
2.203561504317115
2.3002181428818917
2.2975613473967234
2.4076977187722064
2.2238399975761056
2.30027739999075
2.4150053723613505
2.3704242612234947
2.197287638441877
2.3916341254957714
2.2925910590195437
2.3742480387894647
2.381011750502291
2.4880680483968627
2.362943063973537
2.1910161868492293
2.22447962810208
2.4596093135427393
2.3456502906762386
2.4902279750094065
2.4086825097931026
2.331301345405447
2.5092789319723217
2.335090181847084
2.215319759172466
2.6116781981062847
2.2389013662377804
2.478257729897932
2.5331046898958673
2.4484923433101593
2.2699757866361914
2.554310440546089
2.3031121033361535
2.3073254865109534
2.429908005733503
2.5292766954116996
2.494754218573079
2.550101713578752
2.428908302945296
2.4702681763444043
2.3679529341834797
2.4641267346777327
2.5392395891809896
2.4540245546024884
2.5556012564814616
2.454743432845048
2.456815131721025
2.513922721972758
2.484437659719171
2.5870529282601455
2.5395009121605963
2.6995331425392823
2.4973450745488996
2.5003349040243696
2.4327825816214808
2.5427791187419184
2.62246020586722
2.4737943288593636
2.5464740757240376
2.6268854480179837
2.545898618098931
2.5202070868851774
2.66293316607802
2.5788008165556264
2.6122025195742884
2.683105045021052
2.6838895668469633
2.538002692752598
2.533518354052708
2.6278037283332134
2.57937909947612
2.405930458071765
2.7166854304665886
2.614292195749926
2.6891750116648465
2.501401260571983
2.7406437298758393
2.5661025063937695
2.617242648652667
2.4909228140272623
2.5974017853268414
2.604123591730923
2.611551099084828
2.686896930275582
2.63201666878685
2.736472490509508
2.5949672554348613
2.5550472181285637
2.655580979837994
2.7231484896303786
2.7675733692967825
2.727276462556394
2.4920931772341675
2.6890739818060214
2.8001143782921236
2.673022220634668
2.6178262169857978
2.712991108269296
2.6343742245778903
2.7412121525904056
2.688582981854238
2.83174338299965
2.744934097849093
2.6151154833404338
2.7604670483883464
2.776085059023111
2.6280984325205234
2.644805025750487
2.4592870626398793
2.782547545896543
2.6558138526050206
2.494717629796731
2.542419785992031
2.69932756535545
2.7899955970431107
2.7073117011189978
2.775666193912678
2.6105905483274925
2.578838024292752
2.823762870666647
2.776603709917482
2.7165192640058593
2.8699428505017726
2.6487606741912266
2.6839820498192637
2.830757745081277
2.9239950862198123
2.7331364819966533
2.922307511760133
2.686149664505669
2.7914045048127725
2.7330597256983187
2.6036137023609607
2.7902163225042855
2.8496586563118393
2.7335059146058787
2.753220444474355
2.891476560692932
2.6491150009799584
2.616214835157272
2.7024419635419847
2.6500408323929205
2.9161744136459586
2.814342033753452
2.6787768265825522
2.7155367316519743
3.0748754900722757
2.719529616390662
2.6960918452448697
2.8144666739928876
2.8595889159674495
2.819645743857447
2.6983151533526613
2.6649456109936103
2.8521514583248284
2.7887780853977455
2.631700229976138
2.9145768783334076
2.8766298660510494
2.7866087673894366
2.7662721637323124
2.8170261458392507
2.746748201660973
2.6621742869840075
2.830801264665879
2.6661724358786745
2.8506731243289063
2.658986893114906
2.81468185597072
2.8125215031444815
2.9958201949641055
2.7225784800416077
2.6889700951242683
2.7672832284227185
2.7009525093545927
2.7557628993917738
2.868221329877464
2.904729845900235
3.0048679735967077
2.7466131338420237
3.08549218720005
3.031203733048455
2.823968638994973
2.5965047500905194
2.8286503434115393
2.845516649363503
2.60963486620908
2.838226461757494
2.8121011037173282
2.774808469555031
2.907295480783047
2.956410339012723
2.8084907744934307
2.871279605054598
2.7740657892920035
2.762088063681139
2.8498922990569993
2.895469241906963
2.797972783127866
2.624100676835158
2.905202395268421
2.688115138673186
2.87110861532338
3.0279401061224434
2.8594742284694936
2.7432929245341424
2.7072518773381744
2.9815089765344167
2.8738522714487664
2.9105965931942044
2.9503199417942967
2.873848014616142
2.828937834136262
2.766105102281663
2.563622676428234
2.721098118603856
2.876955632324327
2.8673974613703046
2.9062802603055538
2.864248195179203
2.9038372952478797
2.9676582111640735
2.801342811142026
2.8620927370846037
2.7310407758187045
2.9899972407993136
2.87748809009352
2.9235593417131924
3.0397488260268952
2.9943710915453923
2.891325030698132
2.966995107161307
2.755950349538071
2.933398739633938
2.9147787394965476
2.739933730080455
3.0263585477937505
2.823077815374322
2.9726605209722194
2.8431894548409704
3.005375772994611
3.0180794883499593
2.8146735381929364
2.745457188612066
2.8761680760387383
2.9850062727027282
2.8737824757391266
2.8403540236043554
2.961320956611598
2.637121042192961
2.8275750496516276
2.7664346038495693
2.9450570903845543
2.8327061859195757
2.8055637001878972
2.8624407046088636
2.751720388790443
2.897980367660571
2.8517811649369427
2.8629963483223904
2.849738536362898
2.9933870180852478
2.9119780738154004
2.9660117172659244
2.972230584751116
2.824322938646373
2.9626158638454427
2.9412044284242223
2.9583280888177117
2.8777581988395506
2.885602096928696
3.0074954121538107
3.1477846497198696
2.8472192673049714
2.9843149477723996
2.8748779131756947
3.010616800930191
2.9765854227348134
3.0293846139419873
2.6345066058245417
2.8644849341683583
2.8263779341735127
2.904996117867062
2.854001946894829
2.85287986124602
3.005747580009165
3.1083339194399833
2.6563329193638614
2.8882412483393236
2.961057338190256
2.9208864529553855
2.8864563294750107
2.8061753236092906
2.8478026663357348
3.0051115403204465
3.0507286820306456
2.9533546753164295
2.8506004819952135
2.9343150739566504
2.901262048197732
3.0003443590066867
2.9581275377684744
2.884628293420234
2.946380093527905
2.8198738166307296
3.0103129628857572
3.067038799682967
2.8314444271177424
2.991885172495269
2.851136006159402
3.0579085700779176
3.0416260748034025
2.9186666845055385
3.0316443939443203
2.8895046993958857
2.8687719208498037
2.8766563315410965
2.9298950147115996
2.9220870916356
2.9503073266427564
2.883807990579778
3.022220945504447
3.0482822490803474
2.897029648138586
2.8143254389702843
3.0198538945199465
3.061742500433184
2.941978904581518
2.8300656082557833
2.96580366677131
3.1020013679007747
2.7623056183969505
2.9881313415659205
2.9093726081365454
2.865562795561847
2.9913410864342045
2.8320259746041607
2.9819881619373523
3.0840012369009333
2.960722873853646
2.85579726514872
2.775871200581084
2.8259758367693144
2.7704160690105
3.1048652179930323
2.9403143099068907
2.8411042550604737
2.816154820932156
2.8596033555437606
2.913092976819696
2.8187627845608385
3.114998414429041
2.882969774900894
2.8697887546298584
2.9991584849655455
3.093774041619746
3.0814434858392254
2.910591581299792
2.995241328244858
2.984950482948507
3.003330219150714
2.9862285074022
2.8765899417235827
2.8352659858949396
2.979160272710979
2.8335481483090157
3.098529082856606
2.9765020711670935
2.8602012617287755
2.9209430597976644
2.9026709640415778
2.9605704979335714
3.0585698089649584
2.819830250757745
2.767801186474829
2.9886474843018678
2.957395363267535
2.9717251648087672
3.0001340936453667
2.9578491662590305
3.0461953456992896
2.8671964090046513
2.9632023474262037
2.8739542710599917
2.8543036611573864
3.019100764930035
3.014720741195521
2.763874895920488
2.8661283968411624
2.9977801270016613
3.0858562444592934
2.8924863438278168
2.9509487049620913
2.8182404167876984
3.230899617310376
3.0075720490138007
3.0497607617453304
3.0263391431036695
3.074097124735824
3.041814867280982
2.9277197708103913
3.055869939552812
2.9696108615271384
3.091580899139121
2.8885931217897456
2.91824466576558
3.0387071784400574
3.1107755664343224
2.977544668127826
2.911991532272903
2.971562764788881
2.9138482770936434
3.1535650780067814
3.0539611839644047
3.110741847060528
3.0046576413067365
2.9191948390744704
3.1022358484541765
3.14050516235998
3.023505256681963
2.963081620115506
3.083800175019488
2.9287856898797613
3.0425440567209385
2.9151228563696128
2.8894344381034656
3.0233037469908375
3.0006390058424035
3.1574618544341972
2.9492042615518748
2.9897420034802566
2.8735841384691354
2.780829421099749
2.7998538808865674
3.0244226914199177
2.8606230980113514
3.0811394072941614
3.1308597052418645
2.960263610629519
3.14481600832724
3.0018617096603513
3.101804066227301
2.9569035048912147
3.085555427957311
2.895469520715316
3.0422310780266506
2.924201421337854
2.9672261612982185
3.053611740733023
2.9878675350970574
2.983314097281252
3.0536834967552604
3.071378961454252
2.842709164687003
3.02725462757449
3.0586094155421515
2.8964852905375604
3.0203840582702646
2.859526206940989
3.1360263592629587
2.958471769648583
2.9645232719970163
3.1022594611245133
2.978385996250239
3.0326876012359416
2.8881964010465837
2.926097457571411
2.8439626186872853
2.972524226196518
3.086579491813442
3.015968959440475
3.082167039108921
2.8712485953879847
2.8956756686114886
2.947572102933557
3.0515107007295823
3.0100222439463225
2.9929754316314563
3.0568912454372983
2.95961144188858
2.972720827058202
3.125477770929018
2.916487464191317
3.013501532658013
3.1365460328905796
2.9856592092169225
3.0662403367523714
2.9150321319781147
3.1814667454378958
2.75096506708973
2.8726085602099647
2.87076802348859
3.1382435713173567
3.011621226124374
2.9502494297644533
2.8484144790069488
3.0331104522900834
3.008207345930053
2.9276125956908294
2.8478615446602022
2.8868423734263438
3.0085624801203363
3.018424509963392
2.9947392033812936
2.9823669340105057
2.810751544877637
2.9826012544115637
2.884568952165861
2.9920988459173246
3.0345215662541944
2.910534824917683
2.8759004183398402
3.0976629308366106
3.023575120742449
2.92482567685709
2.6785487187123125
2.9837591446133347
3.0516761345790138
3.1110079077325716
2.921155464518085
2.914726792262919
2.9548269573334203
3.072996872316134
2.861819248362659
2.9780890330851237
2.9068872548732707
3.0264008650115533
2.8241611780919684
3.03732862984028
2.9401302176826487
2.9574727194197044
3.042532959711391
3.0944192247545694
2.8204188738976383
3.0805521411179546
3.046090661295582
2.9508836703713843
3.1408299882875084
3.0093716195975846
3.119926224408546
2.9213789217203754
2.9040606445344355
3.123272471309981
3.197307512334476
3.0443317890344206
3.0701441131480762
2.9537076008174084
2.8486518922251785
2.978642397333996
3.151341268416621
2.7953330283283266
2.9319151599356763
2.8000622756012388
3.012411090084579
3.0790759434231276
2.85744507979434
2.9608453753280526
3.1344249531100923
2.993068792188821
2.8580554313529123
2.8704182295915386
2.7906431900394666
3.0795005445124457
2.9276215158274055
3.0973638954678426
3.0890603655560036
2.926415636804381
2.949683879315588
3.0704028499578824
2.9975418826298657
3.019441267884582
2.8280080195499413
3.0925465265254233
2.895300541363526
2.765940013855136
2.931254800679204
3.045203372083616
3.19277231886764
2.955832597573774
2.850192157200792
3.205572316878417
2.9993029508058635
2.9672156596521653
2.8957875650630887
2.88304136979413
3.151358923578263
2.9564746429788014
2.9298144928239647
2.9326553317605177
3.1604840183095027
2.9348064891636754
3.0466138348235403
3.010461681976575
3.007823298672049
2.916220410294975
3.059849397797388
3.1549052235410433
2.978871323466174
2.8921623915590104
2.8550465045089854
3.0133021530062596
2.9670781529654766
2.9738849412059936
2.995550618958231
2.8468515592679005
3.062606044373291
3.01793366752301
2.977084234606446
3.0077751997169786
3.0872470537903776
2.9900181671899397
2.9096949022710117
3.121383865598617
2.951470081395778
2.912297044241303
2.8386857094715006
3.005717712434858
2.8902024326474187
2.9430937677886257
3.049975755182216
3.008413623078661
3.106754664768469
3.0156786635769266
2.944814070145989
2.9522717115308024
2.944542653116107
3.0699549383664544
3.00750190607362
2.964300382770828
3.06992159743384
2.9950944523087744
2.938948591797268
2.844298374854581
3.049320987529799
3.029480074901752
3.000777461027038
2.962272577415043
2.9023651889378654
2.963078246073187
3.0089246638534495
2.9730307126256004
2.9813781154171703
2.959064921523217
3.0298059137735125
3.029310707298456
2.930739383776358
3.0820391054006295
3.0651802406167055
3.087435763879392
2.9830429942676315
2.9667226075477893
2.8902525416151907
3.0716662952807865
2.772651378807533
2.9571649162270957
2.952306696430148
3.081942282809415
2.9962885301396747
2.8999321340262645
2.84373147048394
2.9235233841413315
2.9971261802619518
3.011998210402177
2.966759000992824
2.9381164969897373
2.9755639541900774
3.10638069819642
2.8765887231161407
3.000022848432669
3.168542170951606
3.0521445990105707
2.9411445098901092
3.062861362248435
2.9315876334418234
2.9975205029107626
3.1522447276415595
3.1862800893518677
2.826028583383934
3.056923150366207
3.191802337900854
2.932431652916968
3.022888892908114
3.1477379649460477
2.9377857153063127
3.0522639087060432
2.981164355371685
2.804571657468713
3.041743595530542
2.98874242446536
3.0899902997370705
3.2065384746553627
3.0756113063293626
2.970504642835315
3.0522815218639066
3.0174664512372944
3.109608017531846
2.8534527276161277
2.8907201062859906
2.802855779030869
3.058103494458692
3.0055152121205833
2.923422764408445
2.934932364927054
2.9302582797327434
2.894716012986713
2.9653774424575685
2.9581158820920894
3.146554587959467
3.0399074408392837
2.92574383704343
2.939226710877798
3.1075284270003376
3.052896059797063
3.027190358398895
3.06975539293311
3.16632052068097
2.8759955977381204
2.9231782500148813
2.813701770877191
3.0572697242437563
2.94991753488201
2.92063187288542
2.9116115652936987
3.066987418028302
2.9936609318120455
2.9548337727115754
3.1134389699948573
2.893312396725403
2.871498418993432
3.267417383279555
2.9511960481773127
2.943638338687836
2.9352595466531115
2.9943280711197424
3.076307827250332
3.0633954655067743
3.0424705446849236
2.9702200159037506
2.849088229219218
3.0164064289576458
3.150005675128747
3.105068811478213
2.971329994605363
3.068424334455064
2.9696360099357952
2.992684921268673
2.8747776379676204
2.966685619871
3.00229913572116
2.991352443201028
3.085266908329056
3.186651841150841
3.1404619208302766
2.977816496531677
2.9252069753124976
2.94307270837995
2.890572067079454
2.9917664859242143
3.0404900948217675
3.0166951520588534
3.017769073462551
3.0242368592769164
2.975224094926326
2.9242064453500287
3.180919122622846
3.1132200617132124
2.9076535757496824
2.907967171190857
2.9398763644224974
3.001818244049654
3.1344318538840232
3.1210237018988107
3.147157752604023
3.1598430794198493
3.192211411899903
3.1655875677829264
3.1575536232675185
3.130221011559523
2.9876126010091983
3.1587712907459804
3.3714377318820103
3.166633405329317
3.1772956640216097
3.360687631486508
3.2759369926074964
3.258646213504114
3.461044615991558
3.406171660787798
3.437843820464154
3.3238117981457167
3.4280123549274157
3.4438500201793767
3.4916589219655174
3.5664764765161334
3.5716343869173772
3.503403900485057
3.5624939137682
3.3860878243281696
3.5818720754721647
3.6127222746474557
3.532051027827526
3.5100741743201684
3.577953636240447
3.478733421501658
3.650286171978119
3.671658633843203
3.553194248381688
3.6785433622907027
3.7961675767751752
3.8011421551163527
3.811296188981708
3.710444156125986
3.726782975089067
3.736505252418489
3.829734780170356
4.040409804050983
3.9603617097158774
3.992959687767539
3.9737777882919447
3.681800549565753
3.8471804997724774
3.8480499711739773
4.030221661343416
4.0679403586551475
3.8564371878725696
3.950312368219202
3.9956724161773445
3.9245094669475593
3.9237961127898715
3.93209117321218
4.1014052113507775
3.9149812603170653
4.1422976822074355
4.05022093983178
4.1293702709066515
4.221273689158517
4.0223430763957255
4.019934033700634
4.136542475020376
4.002874154441107
4.045107195779475
4.118737418189488
4.157649999522381
4.029411246351764
4.127226315942526
4.25527587373519
4.322838157648963
4.024014029832675
4.351648651396431
4.330494519548997
4.135366940663813
4.098013875895494
4.297294744499349
4.224690577157691
4.300887275297909
4.393837984408696
4.261545275282115
4.325345912510868
4.3669680207493045
4.428562591090759
4.515775179138043
4.529902606999025
4.394591444169811
4.367082723035622
4.616897702119453
4.47421895904591
4.4627918546066745
4.310361658829802
4.497112685250258
4.35184609443737
4.403088009898357
4.3252069811739595
4.405790803524128
4.482868077180431
4.346585522260126
4.405931112116635
4.496258502395049
4.377332533835058
4.3872918172298805
4.457939426196391
4.399439688918462
4.5992751406069665
4.457893335922982
4.631870957700487
4.675847403379914
4.472950689937777
4.604585737704925
4.5411410120389295
4.493789144305277
4.5918224545316555
4.589201889219522
4.692050494464137
4.751343940662107
4.547470339759817
4.614447874078715
4.725514476521501
4.797732363943236
4.434579569882626
4.813030785638903
4.676343799541987
4.863353873638993
4.6556814760238945
4.642407494189382
4.717031783024119
4.856423089588205
4.7499880175175
4.518839040626321
4.829343051825067
4.607471035575896
4.66736846679163
4.645957936531711
4.605264070020159
4.670440159228979
4.703612923658304
4.747736843113153
4.810143605714866
4.768627062721801
4.680488693732883
4.806811832243
4.938654661267831
4.932551035979054
4.857493351350482
4.922214608673068
4.94569963154107
4.988787158984961
5.038365978800453
4.832743341137611
4.86360726896669
5.044006702933373
5.058740082738006
5.05255761900314
4.6599480988548185
4.878100620902089
4.580237479314464
5.004456282982535
4.932652558426322
4.927892211337783
4.924443393443731
5.074044305109664
4.929846837184747
5.067875665890571
5.0252875358282045
5.000929895303438
5.026785874544061
4.986832763718814
4.871583463925704
5.057730327364586
5.062552342101259
4.991901316258419
5.074390442586902
5.096201770418388
4.89310534748902
5.011954785214091
4.976714128794564
4.935354667256752
5.0728951514326255
4.951100639754443
4.996696833720016
5.079353858467089
5.084440473366806
5.086214437264635
5.272018162876962
5.002789602465112
5.092671670725591
4.961527430528917
5.134670518798829
5.18626801781113
5.2166612838153155
5.036011904325648
5.0659299038018215
5.2343641403224215
5.093003180725976
5.212389032623429
5.013427198950574
5.243121011980862
5.221590578951562
5.1793194172259
5.0570779549689515
5.114945046148706
5.159994860777058
5.1551310213305195
5.132201607654737
5.124694285733535
5.179611321170692
5.303718827492317
4.967141417583041
5.024478831138862
5.020885427468604
5.1103520181812225
4.998671365676649
5.231627785779092
5.179477322883608
5.14808830740958
5.118843990027236
5.20618809284299
5.201803267007067
5.220452772272811
5.127945576589789
5.259171607289819
5.060751053860341
5.325889135773925
4.896585862513578
5.148178706095145
5.100574330885077
5.293011509587078
5.068729526798837
5.412611213290587
5.069124821353318
5.439560760569003
5.294621713214401
5.255974398313337
5.289537875518122
5.4582494525373075
5.341307660198307
5.0216455756367395
5.367366244859807
5.294057907430293
5.112090937393605
5.352731128204027
5.138438628824168
5.290512303028516
5.308538142610385
5.213172346502681
5.345544562130772
5.171381554175151
5.305391620929682
5.224251698026847
5.283404787433025
5.4966270686564584
5.3181877192862155
5.200870162178041
5.3004875331249846
5.237866525096401
5.300003297832809
5.316088214749165
5.310914669047113
5.3332982465117755
5.252951890877205
5.364778946224667
5.428035551664913
5.272675951010362
5.311283599499254
5.325576443474318
5.467245514517851
5.452149363083327
5.263537090389079
5.356085013450087
5.201740537817841
5.236860602224753
5.337164712561368
5.400890869915941
5.445553431536503
5.321233096122299
5.219200072538332
5.38634725728576
5.341501205983109
5.403330832130607
5.389059759904865
5.446715794321614
5.442684748344505
5.443643945089187
5.335413873219139
5.482908943892904
5.33506938069235
5.385863063479007
5.555409477169282
5.426995774162345
5.2566518742301955
5.524241682458886
5.48712651484168
5.503067712049661
5.400628950230014
5.427363367862966
5.381338311532719
5.32648833825355
5.551309220911694
5.36328716773333
5.35385243343208
5.359357361119296
5.591711544842139
5.495047001190582
5.3821843076061775
5.416141485502512
5.46346316340567
5.511965503830217
5.264756783567633
5.517857732755471
5.407336895870285
5.34218292109258
5.38338850648635
5.503233494770143
5.601491665121604
5.432035211284323
5.474515669848888
5.348992250789631
5.4910859953504625
5.525760641160642
5.296224853179274
5.385256731758835
5.527135219410447
5.2536608560786044
5.413644506437331
5.5125759712416755
5.284910092106872
5.415749104106164
5.4623349493640605
5.547315692244669
5.32181646535689
5.56204362747651
5.493051349104728
5.583548575879147
5.571555101451363
5.500670274365384
5.506513298634064
5.295330228954837
5.325586778355158
5.351384776759281
5.438419718627549
5.547838766222637
5.277457272903722
5.445076622513356
5.346212652354526
5.323818828417256
5.608523075646754
5.491918974868076
5.636804442894974
5.602915198428545
5.373567237147651
5.291432916020936
5.685094749798918
5.438758980189329
5.365972417535417
5.540700810513806
5.506380518188218
5.416729309338502
5.450406287161652
5.512250883072284
5.484624662634609
5.563882678810176
5.444078402116043
5.446194300315142
5.561648527837499
5.523947302502312
5.6131373098871
5.4797710697562945
5.485970326935637
5.381237700319107
5.637783173334681
5.369502048017384
5.530094412976801
5.411693548196752
5.545620312092096
5.577304117256933
5.349915420775044
5.473719302868764
5.340104267070945
5.6471570418337445
5.45336078577893
5.340960690240759
5.429351663000498
5.631600664464647
5.670140176917055
5.639355015479183
5.444760009028306
5.498861832210466
5.678452044022226
5.442698653765144
5.4732604273866405
5.422211334153644
5.412048400340301
5.629930171465538
5.573221678181708
5.575955174187529
5.569790186126348
5.624781393747981
5.674504955844691
5.5335611891602845
5.481002353982727
5.4135041874586385
5.634909558043697
5.485969235206626
5.378785337945848
5.4921403229614585
5.522221877037111
5.623800108061192
5.641679555099533
5.4689544810270645
5.452776488355141
5.500722189185183
5.4131254536706805
5.534023882559712
5.581832993740568
5.530720127795189
5.385802565373797
5.428631821010703
5.667123295229681
5.427893357453381
5.603761935739395
5.603791817355986
5.519065189411313
5.452243529899624
5.5636469391602255
5.464651458863299
5.526338348746921
5.56517004033527
5.4835222174916485
5.5131586691653105
5.515639678963648
5.413560147198437
5.538674454641962
5.494625932756982
5.3565460026796705
5.525798466617651
5.511880692588801
5.500284647030333
5.355199556399223
5.629564410054633
5.6208981809994585
5.618170935731261
5.58617962914874
5.438581403422272
5.5671213102461
5.462632072651149
5.784702266594018
5.494441479575527
5.623809305098858
5.392345364562451
5.430171150478389
5.495020533260996
5.639451417106077
5.6244900804314435
5.589063957222311
5.375366444468826
5.674418992595534
5.479171128387877
5.733835611268642
5.73941429428789
5.635912467478377
5.652630213136928
5.448148169591316
5.8328660539782895
5.5970308252733165
5.655701933942098
5.480380468686124
5.5501677762022315
5.438449163833695
5.543612067228314
5.569603902037655
5.604094078318657
5.698549114295194
5.6074966855918875
5.594230432699872
5.5841527845067045
5.761776364045668
5.523263555813306
5.680421498299852
5.36590131095947
5.484672362424113
5.613922318881826
5.5571848000011554
5.874436465015143
5.842058935338308
5.4326066340249906
5.457841603437452
5.551120320850223
5.749747529621003
5.699793560673687
5.609245430774849
5.435459664051675
5.50286068940709
5.29929992432752
5.414561390567086
5.611288882840725
5.658001178077606
5.449087045113174
5.580688268501071
5.7429077364762895
5.58700018007949
5.540413452446005
5.642613308543468
5.63455932390871
5.600222751094768
5.5389716956195025
5.540425091943783
5.582240688047726
5.528620122140292
5.707199808417028
5.663520085464707
5.703322529942698
5.777654395871816
5.743125743333973
5.717349268714435
5.622941064752546
5.576849200301013
5.806532756266221
5.519364658240986
5.525087952637147
5.510393811236829
5.599183748764674
5.6197651443532655
5.681209338799193
5.566019956740405
5.415392906128067
5.6109496263440075
5.696782499956939
5.602850122160652
5.58661011398277
5.65649361781947
5.733785854232784
5.5841855814588195
5.459054346609076
5.524897891262998
5.575021649748831
5.421762449887992
5.6690472560392555
5.525601020700428
5.643390977326948
5.602297749448609
5.551961033256344
5.7561158066283244
5.5473997498101815
5.536527705134694
5.62330523731364
5.668186458681938
5.584278981490594
5.506484660416948
5.674080329982046
5.655560074565746
5.792894353863462
5.563569528514162
5.617206156668468
5.529387390700747
5.437521451765649
5.604043766471552
5.681818431893417
5.495658667959848
5.539710872543469
5.469875417425146
5.741731227425811
5.524547003488595
5.646045955997931
5.511796446175241
5.606009508377974
5.526138445519899
5.374126404436938
5.606871698905787
5.652069519797363
5.381117426933398
5.582254880844321
5.5566515003675585
5.482280275390691
5.585171979860829
5.406533972801944
5.635757329749896
5.719493660618633
5.474916466064112
5.594732787381793
5.743997836762912
5.603892434719059
5.539981677026496
5.520967451199283
5.609995323838452
5.589125230199842
5.6557291562874985
5.450722367663047
5.720633827400877
5.5527475574789475
5.67754000835936
5.541209860825943
5.483829339773379
5.547096315699373
5.508530671902365
5.5766686484912436
5.679091607500439
5.712345865397359
5.624991923698466
5.5407441517237705
5.549824781389527
5.664340561153122
5.7089019152105
5.5731272626051345
5.593039208970676
5.530584756022742
5.6265827484309625
5.691738057211548
5.32563151421962
5.631902242131906
5.551434488464968
5.383863723377076
5.648164791704747
5.587993473985107
5.634023411510533
5.470629709736581
5.811088601851649
5.628581791686058
5.563346134865496
5.750211831135988
5.673159847604892
5.70135582326507
5.734525909261456
5.401178036890568
5.7654044029548395
5.563872392814854
5.637283438109142
5.691146778951338
5.537763473941416
5.650912594525843
5.6955358573257096
5.61519052817927
5.658964077641958
5.459031302560176
5.500536863514189
5.4848504266085945
5.647099928819185
5.974399284288743
5.646512123137071
5.595560438231391
5.604014856983967
5.698909435293947
5.692086626046701
5.506133658301176
5.702626540525484
5.608643720716207
5.693050340090786
5.4213596240391215
5.455897371297596
5.681162636584615
5.431517606357326
5.640670525240827
5.64561481322435
5.62647470752167
5.657561608549805
5.648665771364358
5.666957616969353
5.58169192283999
5.610232762989769
5.8954594043719
5.716311124472299
5.673935116674853
5.642047497118283
5.530159013782647
5.6356938988850995
5.588417483321362
5.707812647522384
5.521786701878923
5.377087885146939
5.557445542064813
5.693251049327272
5.849550109260185
5.716297571999329
5.5059921735143735
5.602033771160127
5.5189326221668615
5.585439428414162
5.514471691378438
5.459883828103421
5.668832345823298
5.644025737476956
5.597467245374612
5.649250240077185
5.82804128423045
5.616498522152387
5.577032578090869
5.70157199685445
5.46084939466354
5.700478166907206
5.537737782010626
5.543602532618292
5.62634593013788
5.782662350451071
5.540957802329065
5.700828375728998
5.663437484032195
5.486638852222653
5.697427984268317
5.543256838754807
5.46893219453534
5.526878127522133
5.533386618988479
5.685371304729789
5.533047910139311
5.755654345630164
5.628496405055834
5.554590609228042
5.5430681312157555
5.639366969573476
5.423686188576264
5.409041747134871
5.528301986094589
5.6798143380953805
5.624829357166117
5.60915108033504
5.585649949456207
5.389347784895222
5.594649458363341
5.429721373527847
5.710796152974744
5.606480554357242
5.61842987355
5.667360938160559
5.649816397559402
5.640839122692124
5.6624479831521635
5.558806493047916
5.484230631192649
5.641975753521518
5.752517920644913
5.709094590332695
5.6065815322721315
5.6792738923982995
5.56410517325697
5.666618837460667
5.567440974852961
5.64232306046664
5.818592235898429
5.695629539564713
5.768293547811802
5.551142895771731
5.539932156927787
5.624636431124355
5.674319447906124
5.6078407281732545
5.710078260139912
5.5537432531526
5.744860077677763
5.725731339609213
5.507363823491039
5.66728897927278
5.586639439062031
5.730965608065134
5.555378771615467
5.66029375401179
5.6838000437165705
5.343885431625915
5.44129169297009
5.64215540104036
5.616769672091727
5.721029067649349
5.632098593754389
5.492452903855776
5.662414635070611
5.5545827266821615
5.586712737346246
5.558810269183163
5.664615580560364
5.4676141795811715
5.517816469390325
5.397453557481533
5.83431669888929
5.510074555883917
5.5236191445472524
5.49455317006906
5.545640128165024
5.5662650756332175
5.681615925824641
5.647793131452176
5.663065110330932
5.551169979451428
5.61298718001722
5.73210402157706
5.608100254732793
5.640990246539128
5.407478003624424
5.672150076903403
5.646315855233769
5.749326551241852
5.335331057422023
5.622840645455298
5.617809280583276
5.638332139242982
5.556840404145433
5.640596048324808
5.699694438804472
5.613873205677241
5.580002974830222
5.608021973868387
5.590466454174741
5.623222704352422
5.547408067926806
5.410041968526
5.764673497863151
5.453275611582166
5.607038450379719
5.478307593324059
5.590068920778417
5.532124156032376
5.624265735626243
5.5244097008816135
5.488775110974581
5.649304435915753
5.7417462771231325
5.642892684867846
5.629119135894889
5.502875924362071
5.59974150882193
5.6726523570125345
5.552834475536925
5.707873069686393
5.613781792201282
5.653157765504165
5.558050793001975
5.568736917434376
5.649706936964429
5.646130376058539
5.642295539793087
5.505789605794779
5.53406170733983
5.615294685311715
5.441657342770452
5.721781208869949
5.638899773787006
5.621257900800301
5.535815476176795
5.699214099195767
5.5798265155377145
5.817103306986616
5.666407341559919
5.457967192438576
5.699833081938466
5.554307849845992
5.5549801586504
5.602895374063403
5.613983431611492
5.6322122539512804
5.683214378881429
5.672366650497304
5.54446161143887
5.471752769642212
5.5461695090532865
5.642850278895767
5.703583815966592
5.796757680827636
5.472091920387866
5.624681528218155
5.583838922384606
5.566504508117278
5.640513422653516
5.591900929155296
5.580040097674395
5.562020024044441
5.656282320110073
5.7322565335159865
5.770079772224257
5.574161556562209
5.511346635886091
5.590525261127712
5.523271379952638
5.729735796324119
5.544879540167988
5.624248324639609
5.492489038346018
5.59189872372192
5.636010996992663
5.769825374154823
5.547620599571768
5.663867691967642
5.399089100221452
5.486160051115127
5.5354252997253806
5.5769884083427455
5.649962056334815
5.6800236500309875
5.455981786736971
5.6597862292694385
5.4952749324997265
5.810310489691386
5.6380926661748125
5.632039261142118
5.589068685549949
5.6234359641445275
5.616997524627094
5.537660286826848
5.681402784389548
5.653748237976826
5.691699429886395
5.620672991005064
5.684796939060669
5.541101984484358
5.963220540205598
5.54582499940775
5.582277631066717
5.723098806624406
5.740177274488143
5.562320836065555
5.480501165641313
5.531740068839272
5.586853407584736
5.6022450153366155
5.688666217154821
5.812386381966556
5.84158630518115
5.676556795237604
5.82555407736877
5.87362667274639
5.929579311621655
5.776862727669355
5.751965198122216
5.914614483834724
5.994471210017167
5.793721534206369
6.054101361566575
6.064116225350579
5.868847276482348
5.761056983169212
5.860893962160221
5.897939860662416
6.008774445908134
5.78093542634019
6.213360528522026
6.20648991147705
5.932154593360375
5.830304870042237
6.001414121359634
6.082521568738994
6.16643178510216
6.134565988124704
6.0446941205753255
5.889449394745163
6.138632801763866
6.183085084145176
6.078906761033317
6.138458135174235
6.142268978333884
6.1184550559196875
6.037964650660846
6.198491623620179
6.023068003046297
6.335575324818876
6.095994098372255
6.255453364630269
6.153412310925524
6.254569856563666
6.205670839739293
6.300061643077716
6.177660451309662
6.11357096893359
6.238273365984842
6.250956514219562
6.135320070066125
6.226277370480301
6.137420175012795
6.335633043488984
6.296115059773114
6.344235332881095
6.622224131550034
6.3769164368309745
6.417500929578016
6.431836064802983
6.364106596934968
6.327744401446477
6.493419483914172
6.517217952283651
6.131266734957048
6.405236352328429
6.4059534950888235
6.381863860995274
6.590828258265286
6.401427363630816
6.559450384024323
6.426910765489607
6.438505748742484
6.570128003413572
6.421412863222289
6.506926054582643
6.400592543341212
6.4301530601445425
6.6085948946749395
6.592478485308419
6.437199543384456
6.45073023078502
6.821160205829152
6.499645786757355
6.494138819904867
6.649717493546995
6.528163446630418
6.57636901092228
6.689273250543538
6.716830556045717
6.594315740779908
6.765096359259423
6.633459204243695
6.6106767792235
6.6408163289658635
6.617470867134622
6.717484708661982
6.699680805440266
6.6105249333441245
6.692515029678172
6.636813909330021
6.649627388077761
6.679805391015075
6.811851835544487
6.753920813602788
6.84927320194501
6.884849114946802
6.731356615040506
6.680315022663546
6.678113732490909
6.790637973644981
6.855286253803952
6.9328473385849225
6.629739064476557
6.868548950923247
6.879084204185674
7.031394163621679
6.802188537622174
6.78593365762037
6.642843726813997
6.742480848251402
6.69540719782483
6.720256422056985
6.7367423253893115
6.688751418734409
6.828133141486232
6.891294441165327
6.914071634404444
6.8336150882570745
6.953976131301904
6.970070931019406
6.706829269819111
6.856338188246998
6.753722412371156
6.7956956867509035
6.906897439024441
6.870836211476993
7.0445628234894695
7.117743204645641
6.959817077098218
6.90340188785377
6.892693298150832
6.920795288166624
6.973818773144496
6.857767348674967
6.994076999558193
6.915850837551555
7.040523930411468
7.075439120479183
7.127320221918099
6.942376914832432
6.837335393036374
6.798155337535694
6.931683697583176
6.823456202626418
6.814724720023106
6.938300132468773
6.8791616282310795
7.060702297933664
7.199671069144199
6.98732097342012
7.025299381557082
6.8602674037604725
7.030072187336622
6.955770057407558
6.89983823431069
6.837453053185051
7.197382028824094
6.869847990367587
6.914079295454686
7.039636576090116
7.0712615159389935
7.065338400871322
7.050597087003768
6.97413131809738
7.133750914033126
7.0698495277388025
6.908932216990261
7.227814333392619
7.026894693076926
7.179358703802401
6.932471222854626
6.952369586025512
7.017378730143452
7.02889613427543
7.182646224410726
6.932307244724797
7.124366440174429
6.989730158408964
7.14601835169679
7.128287325535831
7.0655537237571
7.346070098184236
7.122349868383934
7.22960387488582
6.990225011634319
7.113630168612561
7.147918917470397
7.155903068903073
7.110559677176225
7.0650514014637915
6.841483849449946
7.086938168859737
7.054849822560093
7.133883940697945
7.238206672034758
7.386878669642633
7.211131721139834
7.2724229700537215
7.2264871180574675
7.248995901547581
7.218050137248084
7.135534795004899
7.131979851623011
7.200269266573318
7.369794300565556
7.2707865301911925
7.336197777212879
7.068235097745721
7.216950841713491
7.242892035999306
7.23763930854022
7.050614430345836
7.00606372809211
6.990441986152132
7.165403519196455
7.442253913852858
7.22191772540597
7.101385865642086
7.238776436655389
7.177017800076744
7.2465963080862
7.186612182221309
7.0845840299468
7.173190008589545
7.2900450058682145
7.271319380099177
7.345349251793371
7.118329265716256
7.352608399918156
7.236146386775034
7.251641418346359
7.359285436273369
7.243768191025407
7.2845734806286435
7.30526119359145
7.328266653747061
7.33702979066968
7.386952922368298
7.3129624233783845
7.228115969196242
7.519057254311213
7.2532401579183565
7.296186973036806
7.185769543839232
7.044193212434216
7.186599620300506
7.2827858810862
7.32127563437473
7.292847271344566
7.37134851830715
7.392809739703716
7.394305973634266
7.297760557547727
7.287445225464204
7.279449857568099
7.195271798007784
7.427033123848046
7.171931101495707
7.280612349084314
7.332138062577011
7.09722634288896
7.387106843615632
7.269397594893245
7.3384502340406215
7.264534948909469
7.145799026501083
7.330454029784136
7.322916130112651
7.403652370504399
7.362949263510943
7.148696369913894
7.42863645046427
7.389625298496601
7.388119281499957
7.38154370798723
7.253946078235489
7.379192096132125
7.3009243430058035
7.616903350399032
7.306487593943015
7.210640412713425
7.298928567688388
7.478332265169993
7.268680919293462
7.102685195335224
7.485287995775075
7.372468929530168
7.301445743975701
7.413824852736777
7.241367058326138
7.21762594942648
7.441453976610862
7.2859055392547045
7.40184463824871
7.351202969123598
7.434573196856688
7.363295149177514
7.138744433370548
7.432966825970916
7.2985897641846185
7.435491378019361
7.379668975079544
7.511930594615342
7.319252225621383
7.146123571246765
7.330903807806467
7.425523370289076
7.340967814395642
7.319498713599952
7.524776549813442
7.363254573500384
7.474862911573487
7.385430633853671
7.22700910086127
7.2885906036345265
7.34233301009561
7.405504787540671
7.304655153684031
7.2353559505580956
7.286266329028536
7.336531448499144
7.291261283683337
7.332357446309289
7.567923909934475
7.400611025445324
7.291818377593695
7.383477037239114
7.533246496179682
7.451118460857203
7.37712736435188
7.242608378504578
7.219132935826749
7.34582199316081
7.370196021004972
7.239260141063109
7.268796129872534
7.399251391353264
7.182501534543
7.212707474797139
7.380774205367389
7.452930669966158
7.439574112641196
7.498382306805826
7.557165569738839
7.500007703469477
7.364537921119728
7.6250747000563
7.561329367598242
7.507800938450781
7.323465534886416
7.4457422291420965
7.196995999613446
7.3639880280080465
7.159108709038281
7.3768563650508465
7.512366412920794
7.412458042977608
7.573065542875314
7.412194769440013
7.423264572592566
7.393661451772519
7.477953063092784
7.42213882008039
7.546532780421358
7.588457533197536
7.455234662431134
7.306184040449595
7.4754166205373895
7.545819241456051
7.476095969383143
7.460953786696547
7.526573322196735
7.55503860406817
7.172567905567416
7.56653651583092
7.512670583925562
7.484074782782075
7.360946149153645
7.449840036505147
7.478649018658308
7.2899435886675485
7.5040176485808106
7.446892272396877
7.567234620297013
7.488751725443722
7.404066702449157
7.44772742699854
7.497085403341835
7.448215522470408
7.478828483798835
7.373316900373516
7.320245906775215
7.378517354615619
7.283355067386628
7.3591450902999105
7.472912884955997
7.284700997104398
7.325485421355396
7.522611998860781
7.386598907777625
7.429104462534751
7.3069882777578705
7.336700366090243
7.411351008488432
7.595415904474615
7.497109664782074
7.285756560601374
7.498533448603893
7.536469015640108
7.503875744099329
7.332787414605558
7.439084286491057
7.658547552319914
7.353275128903344
7.48052146380264
7.372519040922486
7.320957310656533
7.4153746245988215
7.562063380019313
7.55543843425657
7.361809512707555
7.413073226546107
7.351961158389578
7.23354982834273
7.512379613514606
7.608025785680945
7.602745286128393
7.396546644162276
7.586422045738092
7.573279624716871
7.43085757949896
7.444567915912766
7.408683412020889
7.4799424539161485
7.637955602713569
7.364408746925402
7.328014066288675
7.545190589510797
7.464274281395859
7.27967456685082
7.347991876777952
7.376951571671558
7.409224982143792
7.492738640813685
7.570450259920893
7.435249770622427
7.476716180213589
7.377780948998171
7.574734903950396
7.597410867777316
7.427083210928973
7.399768797691172
7.66143949532516
7.557397829271446
7.365747907356712
7.2862229918169765
7.446380107585455
7.586036634043724
7.412090358476491
7.452351420996294
7.408014699129883
7.532759569302916
7.59754053886209
7.34243500905538
7.449879023628801
7.459082762808099
7.417124086458405
7.350125095398938
7.562215710565445
7.496033129065724
7.542805955040666
7.632694357148931
7.424943454258434
7.525963868064759
7.441799042936337
7.453587423669858
7.506082692666425
7.466774553422181
7.332304224776441
7.634580007949165
7.489135671974111
7.349724750455356
7.263644056874777
7.462507514221947
7.5306124281397295
7.586558505911122
7.587657698465433
7.427950595164989
7.55090715728089
7.31223887268597
7.481996107298436
7.57884644234554
7.416292072065363
7.471546637207994
7.498543782382593
7.481999186501125
7.637549721725025
7.3805445988831115
7.623041363249536
7.364193726015187
7.422567809613151
7.411938863299875
7.471187352192713
7.420520289145378
7.528678155474692
7.471767141846987
7.7012324589882
7.509697467661389
7.445967306774231
7.508956821608675
7.531575445881426
7.452876713174341
7.380696143040627
7.4017251759182985
7.500399418672998
7.576279022162204
7.521249677429511
7.484557226371446
7.539925694407196
7.44437375017089
7.509853099582088
7.616318719688848
7.606009434987007
7.62012575632009
7.457534504049802
7.505196368086545
7.373921599547771
7.57704711389554
7.452738892595314
7.353415358013484
7.445740425319298
7.501071421560998
7.26495072900892
7.354317828950806
7.594982389991595
7.495972993261986
7.471979975838865
7.3356675160989315
7.655406067845544
7.589761753512004
7.54742997324087
7.38602825469402
7.55531718703033
7.612038440256969
7.465051697987973
7.473014085686188
7.450715115050679
7.558175317913936
7.45472632301825
7.446754138086183
7.3532133052017095
7.312507501764314
7.582686180633856
7.646510037902494
7.575643605771985
7.641152706006686
7.445415232313617
7.494574782125168
7.536938215870595
7.463208386698304
7.666887342418342
7.347243076795724
7.442739602791585
7.455247396800595
7.409546617392881
7.564821840836976
7.300959963976248
7.594417439317754
7.5913202405169296
7.5327012711246955
7.630858774101703
7.726247337036097
7.509879829281674
7.554845329271305
7.521341313637126
7.554517459908271
7.452044435669885
7.41083888908418
7.5639352579150305
7.4311255414037465
7.586636944288249
7.563399162566344
7.449388437836851
7.540592878309875
7.502268504981355
7.47088718588534
7.608126258797497
7.499088798691807
7.528571183296335
7.301542537000679
7.555305284051971
7.35191943951572
7.457269549787037
7.656847107423372
7.674527861360689
7.467345969949045
7.370883424034049
7.52654137804485
7.456981392870966
7.540785237595104
7.362564983429434
7.598996828157773
7.642026713554997
7.342886438209893
7.410514611098078
7.438172809911884
7.561062045816501
7.291417322642797
7.5088335480039134
7.4853377417677684
7.419185487727513
7.5687196219737505
7.293724952498313
7.351875994790015
7.410555507999656
7.569815093462036
7.45428160109826
7.4062886671937544
7.5572890527908
7.451424597463133
7.445189465600375
7.459535558456751
7.523791220453255
7.7593984395306235
7.391546123135593
7.538164175008809
7.475147639466376
7.464893731914053
7.652842358271168
7.578638233387414
7.568591384041276
7.466494665316189
7.407291543685799
7.541523360810397
7.483731728171231
7.455156332960263
7.569639256877327
7.3723471080179985
7.420347761018155
7.581818832386859
7.485091838541893
7.5600989219391765
7.418420273816897
7.564088180467431
7.433040324640886
7.639537522030442
7.59335604253467
7.540848685065373
7.65802587600326
7.539735427450649
7.431897726037354
7.670298686072642
7.539920687372626
7.637269170897644
7.530895905704639
7.611980900618045
7.4095798033361975
7.369891111619421
7.356036931231741
7.582433360691172
7.310354540459031
7.328748203088458
7.3652405197720885
7.530267183780972
7.560884366216968
7.425931110394909
7.596137870444984
7.539531564522954
7.628650483112582
7.5921776053584376
7.439140421166314
7.518068522403045
7.491818971140275
7.564526931972279
7.5288232423247035
7.5211854899286115
7.58982977280986
7.515054880610953
7.592276598177391
7.512645259057727
7.503505470549597
7.601403138811345
7.594564694058951
7.623307549516746
7.572496951541335
7.4885510141982214
7.5187462628527415
7.515559884914009
7.33444380235985
7.3878723806872
7.652207738927896
7.514132796441319
7.215500484073823
7.488276815981329
7.536198055310351
7.377582645937889
7.727291624047293
7.6225510423683245
7.6012511016417585
7.501405286745185
7.568364706158359
7.584424275228244
7.547836183178576
7.453544318864117
7.529253884633703
7.533481547141731
7.549366078019519
7.41636576336909
7.536355562155538
7.500306146726338
7.543491836692764
7.539968199062481
7.356333250805968
7.605076933516026
7.594279028319101
7.385710965054748
7.490016003701392
7.414506523719972
7.464079479541184
7.6191055348148256
7.571900461326707
7.706367746969135
7.507847791510436
7.406938237455663
7.529733208252142
7.2546481859850305
7.6754980696183495
7.523651896639798
7.541899251836715
7.532276082863261
7.411976841431751
7.484755266640847
7.418254460316276
7.465253993109604
7.528816372264487
7.385381539204389
7.668654983935618
7.408480286975891
7.597250841459409
7.440495659139361
7.379907870086242
7.5417028546404286
7.509512603751538
7.490078681320971
7.486326451298634
7.42974154864646
7.543816005038127
7.443198436683787
7.512894384841163
7.621123217011776
7.378563433543405
7.4532345000696125
7.4324929637202795
7.430190587703938
7.365143784565651
7.481724559051089
7.523871480809441
7.487310131301137
7.33953239111824
7.555789379814045
7.558200787797875
7.515110727849685
7.398523366314424
7.402654262242769
7.681285347748681
7.66878601612869
7.554743182917387
7.396745996297473
7.62277111493222
7.504908657529147
7.6537371665629
7.440246967413357
7.543797011707874
7.466346950489624
7.581938307791731
7.4341768872631775
7.598418687467815
7.468914850879023
7.408729280518661
7.553712590668632
7.520544690699637
7.297115246349217
7.483104673571316
7.507393690525754
7.515722808024542
7.700723545115662
7.44327519573086
7.5056089210944075
7.328309538844573
7.3523526875816225
7.440326483669891
7.48422188168889
7.4675976875307555
7.570506626150159
7.560062664769222
7.597694309439773
7.4809614766708865
7.55623157717026
7.4158673638405315
7.533250088019737
7.5352701963424185
7.437366575086326
7.186794227419235
7.432356852501294
7.753916617039481
7.497605789426634
7.423762938305321
7.517964114821659
7.608465449967718
7.5206482083939585
7.476828208498406
7.369457256481825
7.477784375650684
7.378209261625961
7.532618220217962
7.63770282026326
7.612511584430857
7.43825830237608
7.389167241067304
7.348460899034933
7.531501637498695
7.554106418969704
7.566102927559649
7.521090550598553
7.38650358972426
7.305377957002163
7.598361835367263
7.403352371430006
7.696349283155596
7.276242880425855
7.3864689122978735
7.413320048909051
7.533059677449995
7.572926554688029
7.431408630306832
7.566043549713218
7.366507748673061
7.446425371710193
7.385292347947491
7.430712820587131
7.422230052964707
7.526568268098686
7.839680903756024
7.34928136972151
7.465890822147347
7.574396348527144
7.493129780924079
7.627739334826331
7.383892545247375
7.563519300714891
7.4278481685847115
7.587858569139568
7.5027564175943855
7.520817320245709
7.447498895957432
7.321487400898404
7.375864524122149
7.556884035891082
7.479903516019304
7.569804990640208
7.3639836976871065
7.550193063702515
7.6068987373857055
7.285540564674463
7.518385277818486
7.680135625597734
7.431011239352632
7.596228978209737
7.510635035607278
7.5920170957953275
7.458192129536382
7.409377187263249
7.454134114658286
7.450565681608182
7.438144376332973
7.399156935183986
7.5972831844071695
7.439038080252093
7.366567189788332
7.393548591600619
7.555914287894513
7.264510973246169
7.537047151916617
7.568629657543169
7.614888741896024
7.463319380293111
7.425424914319936
7.514896662007256
7.501589513647545
7.63881024713316
7.503120893158073
7.445199944058243
7.35466425232947
7.46695835550525
7.495371789020746
7.61588725501448
7.51859005690041
7.632857282687872
7.6320707924113025
7.411582838774057
7.394332038751676
7.444827713644882
7.484873468878968
7.417584243274933
7.5783019717430316
7.57585927749236
7.61919991444825
7.536394039067866
7.444910569126327
7.529416442321065
7.397702960660565
7.523480054900293
7.4126469798939745
7.614295459407959
7.232504468538359
7.58345485336046
7.5771249561408505
7.50472665834298
7.522633740712566
7.52937406805208
7.638359880465661
7.674366940396093
7.490040030934703
7.672389275371008
7.4447128450982465
7.550579514957156
7.542793639934437
7.382958087392819
7.541803390242426
7.4323695005419435
7.578516973056344
7.410256878143365
7.331709804099467
7.359072894934059
7.51124631612704
7.520197914529584
7.533138596214462
7.432867456597145
7.587914836123104
7.434222370977514
7.48704571457706
7.587148202742759
7.49303742756771
7.301291895674424
7.58044380460734
7.489151684678574
7.470505675198438
7.627924579401479
7.4362494580947205
7.574321469816998
7.50261919621316
7.748805595010212
7.319174707194238
7.508661472182083
7.523726428021104
7.608921529614529
7.456993860227268
7.435632291079039
7.648060902448348
7.4465107346678145
7.5170057995028
7.4939104437561195
7.547335835718635
7.374407951054748
7.434875631906387
7.483529748774698
7.509813692382498
7.598676953820638
7.559930905678922
7.556572175684646
7.483439297934772
7.634770985823866
7.428385368530765
7.479477475736888
7.340369463901794
7.394175096140373
7.593916983498662
7.484230120519708
7.283655149839091
7.434847214103545
7.386040043917248
7.276917437323613
7.374597549898896
7.29543799998802
7.284701494811773
7.369615450824043
7.185661845996944
7.316931013012015
7.154754747812729
7.138452859460811
7.265636933562044
7.13771808188553
7.022511656168148
7.034595198622584
7.051506611768436
6.84870118947309
7.044462131987841
6.941733266172776
6.787382954521111
6.807011784891008
6.952467564590377
6.704849126823752
7.030842869217255
6.6851345822683355
6.797953147337787
6.478108460700489
6.701924040718323
6.633020144429824
6.7097118905338
6.6772244256216045
6.591233571965312
6.82626606486982
6.655496999147188
6.472539202248625
6.577938138770864
6.222344935902189
6.429968500212828
6.600445696664797
6.378720568773177
6.446973684392082
6.285759319803394
6.458120155332758
6.370161045922302
6.337360109489966
6.400029480156733
6.45957071340245
6.355213130098702
6.091976072291122
6.274551833517014
6.241167181367166
6.0804646772545885
6.013818709929545
6.1247807627704525
6.096195019485049
6.110160308283408
6.034443466396244
6.104457021426397
6.089436841492589
6.0225201165179065
6.07136585303944
5.935983504820835
5.819333035126504
5.977787922148738
6.038637753701153
6.202699747501612
5.702830220839956
5.857512805424012
5.793201457738133
5.88058244232278
5.759045899435474
5.852487502628659
5.9021357021296055
5.711865305947294
5.773114421032169
5.935840600225249
5.82659415954529
5.580276845410358
5.933639042708566
5.642518354977343
5.725400236162091
5.618252832025044
5.608779504667442
5.569719977239948
5.695978167305988
5.541509969822369
5.468193501882329
5.52243107722476
5.564645836821091
5.3496313434859895
5.615082166798646
5.459756634466285
5.5696261575082735
5.631452284603848
5.510771727484434
5.508955637240397
5.406737603295208
5.371120686075033
5.235137220123371
5.401935338368433
5.343329227892349
5.1479921620192215
5.398911264487766
5.52039703334005
5.375989275581199
5.449148156631762
5.283420546651234
5.196120962357416
5.291704298389404
5.2582598565410255
5.147069942062427
5.37155380450968
5.273237982003679
5.168800094320463
5.252050163680388
5.185842767821883
5.27079281505106
5.336967601410692
5.12413240930284
5.0552546772494305
5.301097325511164
5.381521621651545
5.060043653342616
5.038840845174341
4.979074382985935
5.087329705902997
5.08808793661343
5.060578953498169
5.139781598728305
4.9738826063931585
4.995727662768723
4.909410751242607
5.163071310899776
5.131802830052821
5.124846574759908
4.920071010511747
5.128049598330691
4.9936038547393915
5.0465762114581425
5.023106147833161
4.90362590400145
4.919261058586174
4.762971993977428
4.852530615014663
4.895293440750534
4.793334137662584
4.8993835580489
5.008058044974251
4.822219615675464
4.756171225412532
4.768474545111646
4.873592290860541
5.01034406519076
4.833834642866034
4.824320595670584
4.696365425185579
4.834937394578993
4.865879006807015
4.734580051761965
4.77407390589855
4.692614732708212
4.823705590301842
4.875520751649798
4.781964310422707
4.796979674345674
4.723651699758486
4.666557544814411
4.635747433652206
4.674747108256254
4.698977264050822
4.679235511649883
4.7733223371068245
4.758678257876529
4.8256763977836785
4.727542539161903
4.628668423623196
4.665363555936498
4.476793628251958
4.797768629255897
4.576404508567275
4.576797450992048
4.80200914990882
4.506748761543451
4.5453031434404645
4.573796350378573
4.525544075677231
4.595734866729236
4.584659000317981
4.616916263778209
4.556503233181988
4.619870347984073
4.521217171895684
4.608776719793662
4.6589013839036495
4.363322066757014
4.4870099227930265
4.531166064464904
4.319082163906478
4.207082003788388
4.536184465707679
4.424825350676228
4.5612503150721935
4.466344512785132
4.470224444746295
4.430879098429095
4.480197551333428
4.374114427419452
4.397550455074544
4.521290156531654
4.422331405259754
4.4923579831588105
4.425615621702364
4.387449076966198
4.309609798132457
4.504179119271059
4.322561694061059
4.427050148094574
4.239872974185389
4.4264514257422976
4.412601428559075
4.325734019371389
4.223339415465211
4.3635767544414685
4.384461364341385
4.317302898689717
4.297110914834683
4.4399675676725225
4.3236322702059296
4.288581470715662
4.429221931881714
4.318619099879325
4.246482444890784
4.397773838666902
4.2709240148839
4.413982710290929
4.230778563051971
4.345247400144915
4.431449184116939
4.329639014895715
4.339733079135038
4.340259707748834
4.356554383790842
4.285371348461562
4.32744252420579
4.256193235956171
4.466045034708712
4.17379201688808
4.338264966491434
4.155352987295909
4.311785052431848
4.374639358106648
4.13224868283703
4.400448387486745
4.127629502927115
4.157618468797401
4.266900960880387
4.112428357028171
4.324203896545859
4.252140103484601
3.9408406954765742
4.075219223887314
4.131005466044755
4.23996104716248
4.07922555102124
4.110079000425074
4.259087243731892
4.096129847257308
4.200021979939245
4.032354713933923
4.2827055807938095
4.310670539547224
4.053544699556357
3.9299901025023707
3.9939083802507502
4.2415500365480145
4.086808774139692
4.263551834860403
4.014456913387198
4.040379871154033
4.118156753301262
4.252216899171506
4.102063310593613
4.038914228696518
4.146896002467965
4.122679075658448
4.160716928969751
4.110668730208289
4.043734918141834
4.124319553331576
3.874866448777186
4.122805425902026
4.224912806077125
4.165227602061162
4.013976947315297
3.9437823181658573
4.2321554794064
4.0292570299937065
4.055959678995734
4.106094816818197
4.012913548301489
4.0926281028351665
4.234052580112864
4.034355375391034
4.270114086756453
4.116046420895668
4.0872035569801595
4.146578436104901
4.161601203624654
4.152332138186847
4.110769830551556
3.9958240956080653
4.2217669583396775
4.033666441763732
3.9737914947240025
4.132283218186589
4.095592854712504
4.036105632040097
4.034141128334577
4.092115538428829
4.212380261745726
4.012568002974778
3.903311013032255
3.9793582622395545
4.073612244441557
4.011170229598697
3.95323684582714
4.098619368477301
4.087277444627279
3.982211390775896
4.04826903356423
3.9552160400671035
3.9558094022282075
3.970146218597856
3.8573908117151205
4.022905028415322
3.979608140832571
3.945193178179364
3.9934432364415264
4.014059406888966
3.9052877954691705
3.9382285282190925
3.8961347024136876
4.105639726037521
3.8144475108773612
3.9700444712258944
4.058311469348489
3.866888898082845
3.88684465548386
3.8727747659858394
3.7990868804675597
4.080839937819218
3.937483714824261
3.839140702722756
3.902868683208071
3.970139243077653
3.918113573320607
3.8500149661026706
3.9962274162175913
3.8566265325122733
3.903253952885401
3.9472965894385093
3.8567287257029026
3.934295903375543
3.871484131352112
4.196372113027784
3.8808299598511278
3.987449270864779
3.8331279921110157
3.805434666872175
3.9019441293289403
3.898368376731455
3.887229814414845
3.905971584051195
4.014869916422355
4.114898454684048
4.103656153658657
3.9284840708218858
4.091946055051414
4.087443351349232
3.85555359843324
3.8677796992781164
3.9039676160965295
4.086085595789131
3.8763505087816235
3.884938480637007
4.044295367519128
3.8677135547682124
3.88882888284194
3.9615672124085077
3.908122249550023
3.6504278987478544
3.7743914961050327
3.9561299804527055
3.743068483782446
4.004730250653481
3.865068328705551
3.9057865199450705
3.917312636439478
3.7006706817780852
3.8165376525164523
3.761768192230196
3.8882107521810982
4.0144082636641905
3.839990659594583
3.888186487266116
3.6768375644544955
3.821910845987065
3.8438416622604175
3.8382216077728266
3.9149577536111844
4.003451051753778
3.872087585213034
3.9015133577533985
3.707223027224572
3.9206034783436214
3.8629245329606254
3.6854688848820882
3.890948473790364
3.7914411643430865
3.9656728410987268
3.900101041160937
3.8718735278692566
4.022651651909506
3.8460261753379905
3.8203545248555133
3.843506717905867
3.8509404603673967
3.7542433042651515
3.914314037966642
3.898821091388935
3.7843188720843473
3.701324824400757
3.9746462638321685
3.9651798661675515
3.943934121544098
3.94243950696245
4.012747934982349
3.8679692331018587
3.9967513881669
3.8407153926494506
3.7491163728224395
3.8567314430098665
3.8138314140093774
3.883265014933788
4.013980038021327
3.8753562271790174
3.94715949053266
4.044102772790936
4.030792806933792
3.8509765982428448
3.77468294294083
4.061930866239326
3.723469190397321
3.6686307324878618
3.6305451030581755
3.9446277328587436
3.701200798662953
3.811545598212674
3.8331930304618473
3.975268546839603
3.6982899205448976
3.8392965804873804
3.873477020094997
3.9830957427874716
3.8083070153990533
3.8486329627142015
3.8131327810302635
3.949085247826706
3.93363421986643
3.800567496762163
3.88318889014352
3.6804809464754906
3.8242561515075977
3.748721414103467
3.7849341235112917
3.9264106503499216
4.029665602529856
3.8456014181596383
3.8005537064530337
3.7906782958150815
3.9082447018025914
3.805071145682977
3.9301607446981452
3.9852372627598505
3.883820030211289
3.7922802124510024
3.9063162215079017
3.7508488313050052
3.6537927228244595
3.922575675240407
4.009530633325282
3.95967862252125
3.7811500056328757
3.4887791114660938
3.7425654608322154
3.877003104285154
3.7748589139796858
3.962484530329204
3.7317872303675985
3.8517155804977556
3.8340119743395404
3.826790315815928
3.6799585057974182
3.7894407066759612
3.8353924788554914
3.7684457583168665
3.6768936642859797
3.7684582611052573
3.700894496723382
3.840590790065695
3.8922030058333257
3.8375181692338356
3.831156600059631
3.7856595688912673
3.8123416265395105
3.597479063267276
3.809360209457196
3.8802853573060005
3.7380665080847835
3.879773001368079
3.649102425863877
3.7939332760180884
3.789924466282295
3.834878343131422
3.8123278956002795
4.0101444488658995
3.467948431424463
3.6609195593866217
3.7381780255713983
3.8148467642444763
3.740049926300658
3.7266450701568377
3.635933576525452
3.6571942282919983
3.705624255602295
3.934882863821584
3.7207057245078516
4.0585259888833844
3.8883307693107163
3.7720839271065594
3.862644801632697
3.882974023776465
3.6795618299676165
3.6266259230645117
3.9466405897132937
3.6925815767060297
3.8856507318194096
3.8566112251315015
3.610019672272362
3.8625811021286713
3.853875778268835
3.915798587301569
3.7932027672776254
3.8320645276771117
3.8139737413497747
3.751997089228431
3.939907682720291
3.872169461770494
3.9491492259631
3.8200356618926254
3.911048911351562
3.6978232734021907
3.73080269845105
3.8835734189569426
3.7497051312485
3.7424499624761047
3.7978675677307443
3.632651040427342
3.788106365970857
3.8301610741358436
3.7584192401189807
3.65747022236296
3.9460689621632365
3.82248979420607
3.6763990471847094
3.719908192332976
3.6063147396748696
3.603552267608177
3.586058580986353
3.684034944550098
3.829988009648618
3.861616682404506
3.7755240149143026
3.8894181450603673
3.823601478194684
3.650794462223957
3.6912924006660974
3.8043794305593477
3.843931017399914
3.874272740860644
3.626915768910217
3.5695164504069052
3.967469536636062
3.7565868251510666
3.8848525266254477
3.787957176844484
3.6254533157353452
3.9249667953870833
3.831281637586636
3.9326197995746504
3.844967726580099
3.6846807648547135
3.7800463235675466
3.884049381785918
3.714264780890079
3.782462985647738
3.8802885430432177
3.6491315173811016
3.7258337694763815
3.800726633439439
3.859273636476682
3.773364357662845
3.7008398115532026
3.8390198402206335
3.7112257859361417
3.8244428914817563
3.8082207038770637
3.7624208631829235
3.8481017034145593
3.9003473572499106
3.6306490789413366
3.8238585452113902
3.764933988371647
3.7311977791356616
3.7898416853985584
3.8893192305962385
3.7464486696634336
3.7387308321204165
3.655198064070312
3.744211775592352
3.770805527749958
3.6651446021388856
3.740267826746591
3.808688442044505
3.90000331410716
3.7323278195968137
3.9707416138967497
3.8809279702431283
3.858109990048451
3.820684954674621
3.791539145464796
3.708785193455576
3.755141913168474
3.7679904008892784
3.788164655455883
3.9163452336217763
3.962699722833968
3.8363673949762185
3.8728300224006182
3.703909829796768
3.584173343987351
3.7728096279634933
3.8076608150441213
3.9232574248290706
4.024986645676476
3.7896186034851045
3.9036129053926754
3.874331902060482
3.7946968598668107
3.8659243886621617
3.811562666347491
3.928462396400949
3.657552167499069
3.5313123517902776
3.7764650697153943
3.855612046646612
3.888264461500689
3.726344250619561
3.827509411145724
3.717598174397384
3.851194936414358
3.698304222980177
3.65535048858321
3.866840269846962
3.637236842316055
3.6251250986608485
3.861557900767336
3.7923437757064127
3.5307161408214585
3.8902605970330635
3.6490044372678376
3.726382363988731
